0.13781738
0.12377930
0.08062744
0.07965088
0.12805176
0.10089111
0.07965088
0.07965088
0.09552002
0.08099365
0.07965088
0.07965088
0.08203125
0.07861328
0.07965088
0.07965088
0.11065674
0.13928223
0.07965088
0.07965088
0.07965088
0.07965088
0.07965088
0.07965088
0.11303711
0.12469482
0.07965088
0.07965088
0.07965088
0.07965088
0.07763672
0.14050293
0.15100098
0.20678711
0.20788574
0.21020508
0.13781738
0.12951660
0.07965088
0.07965088
0.19763184
0.15393066
0.22729492
0.27197266
0.13049316
0.16845703
0.07965088
0.12817383
0.19970703
0.22290039
0.25927734
0.25683594
0.15637207
0.17736816
0.16271973
0.15490723
0.15637207
0.09710693
0.27246094
0.26367188
0.16064453
0.15148926
0.14318848
0.14221191
0.07965088
0.07965088
0.29956055
0.30981445
0.08062744
0.07965088
0.15734863
0.15295410
0.07965088
0.07965088
0.29101562
0.29248047
0.07965088
0.07965088
0.13488770
0.12707520
0.07965088
0.07965088
0.28320312
0.25903320
0.08398438
0.08398438
0.15393066
0.13586426
0.07965088
0.07965088
0.30053711
0.30249023
0.08062744
0.08099365
0.10626221
0.10565186
0.14428711
0.08398438
0.14660645
0.12176514
0.12371826
0.11254883
0.22497559
0.19689941
0.07965088
0.07965088
0.12707520
0.12408447
0.09710693
0.07965088
0.16906738
0.15197754
0.07965088
0.07965088
0.10046387
0.08978271
0.07965088
0.07965088
0.16467285
0.17041016
0.07965088
0.07965088
0.08062744
0.07965088
0.07965088
0.09808350
0.17321777
0.19702148
0.15795898
0.15197754
0.12512207
0.09887695
0.07965088
0.07965088
0.07965088
0.07965088
0.18151855
0.16015625
0.11401367
0.13488770
0.07965088
0.07965088
0.07965088
0.07965088
0.15930176
0.19030762
0.11199951
0.14318848
0.08160400
0.13781738
0.07965088
0.07965088
0.17993164
0.20837402
0.14318848
0.16369629
0.16467285
0.15295410
0.07965088
0.07965088
0.28515625
0.28320312
0.07861328
0.07965088
0.13549805
0.10485840
0.12176514
0.12176514
0.28173828
0.29711914
0.07965088
0.07965088
0.08435059
0.08398438
0.09313965
0.07965088
0.31445312
0.33691406
0.07965088
0.07965088
0.09948730
0.09655762
0.07965088
0.07965088
0.28906250
0.27758789
0.07965088
0.07965088
0.10809326
0.09991455
0.07965088
0.07965088
0.17187500
0.14501953
0.14514160
0.14916992
0.23303223
0.27905273
0.07965088
0.08538818
0.11541748
0.11932373
0.15283203
0.15759277
0.24511719
0.21020508
0.09991455
0.09613037
0.11401367
0.10662842
0.12634277
0.09509277
0.17248535
0.18579102
0.07623291
0.07525635
0.08837891
0.07965088
0.07861328
0.07861328
0.15869141
0.17578125
0.07525635
0.07086182
0.11541748
0.08062744
0.07965088
0.08398438
0.07965088
0.07965088
0.15441895
0.26464844
0.08099365
0.08538818
0.09411621
0.07965088
0.07965088
0.07965088
0.29492188
0.28417969
0.10723877
0.12951660
0.07965088
0.07824707
0.07965088
0.07965088
0.27880859
0.27148438
0.11834717
0.14123535
0.10925293
0.15637207
0.07965088
0.07965088
0.27270508
0.27490234
0.12866211
0.07861328
0.08599854
0.08062744
0.07965088
0.07824707
0.15527344
0.14660645
0.07861328
0.08099365
0.08538818
0.08398438
0.09655762
0.10424805
0.15100098
0.12951660
0.08203125
0.08099365
0.08538818
0.08538818
0.07965088
0.07965088
0.13488770
0.14318848
0.07965088
0.07965088
0.07965088
0.07965088
0.07965088
0.07965088
0.11499023
0.09216309
0.07965088
0.07965088
0.00000000
0.07525635
0.08099365
0.08837891
0.09887695
0.11401367
0.07965088
0.07861328
0.10046387
0.20446777
0.07965088
0.08300781
0.09075928
0.09075928
0.07965088
0.07623291
0.23608398
0.18908691
0.07861328
0.08062744
0.07965088
0.08398438
0.07965088
0.11853027
0.16113281
0.14416504
0.08538818
0.07965088
0.13342285
0.14416504
0.07965088
0.07965088
0.07965088
0.07965088
0.18383789
0.09411621
0.13928223
0.16015625
0.08538818
0.11639404
0.07965088
0.07965088
0.08343506
0.18933105
0.15539551
0.11065674
0.10626221
0.07965088
0.07965088
0.07965088
0.28881836
0.30126953
0.08538818
0.08734131
0.07965088
0.08978271
0.07965088
0.07965088
0.28515625
0.28271484
0.11932373
0.09552002
0.10424805
0.07965088
0.12915039
0.07965088
0.16271973
0.17578125
0.12133789
0.09753418
0.07824707
0.08398438
0.07965088
0.07861328
0.17346191
0.19531250
0.09509277
0.10821533
0.08636475
0.08258057
0.10522461
0.11938477
0.20129395
0.18957520
0.13879395
0.15441895
0.07965088
0.07965088
0.07965088
0.07965088
0.16662598
0.13049316
0.14660645
0.15246582
0.00000000
0.00000000
0.07965088
0.07965088
0.07965088
0.07965088
0.07965088
0.07965088
0.07965088
0.07965088
0.08099365
0.08203125
0.07965088
0.08062744
0.07965088
0.07861328
0.07525635
0.08874512
0.08837891
0.12231445
0.07824707
0.09753418
0.08978271
0.10565186
0.15002441
0.14953613
0.09277344
0.07525635
0.12371826
0.09991455
0.07965088
0.08099365
0.14453125
0.12274170
0.16613770
0.19494629
0.13049316
0.13879395
0.16564941
0.14367676
0.10327148
0.08978271
0.20959473
0.18237305
0.12902832
0.13012695
0.14416504
0.15966797
0.07965088
0.07965088
0.08099365
0.17272949
0.15197754
0.15832520
0.11260986
0.08300781
0.07965088
0.07965088
0.29321289
0.28198242
0.09277344
0.13549805
0.08636475
0.08062744
0.12915039
0.10864258
0.21179199
0.23937988
0.07623291
0.09173584
0.27905273
0.00000000
0.08978271
0.08062744
0.21850586
0.20837402
0.12573242
0.11834717
0.00000000
0.07965088
0.07965088
0.07861328
0.20605469
0.20739746
0.13342285
0.13439941
0.07965088
0.07965088
0.08679199
0.10229492
0.16174316
0.14221191
0.11596680
0.11834717
0.07965088
0.07861328
0.07965088
0.07965088
0.07965088
0.07965088
0.09075928
0.07965088
0.18750000
0.15637207
0.07965088
0.07965088
0.07965088
0.07824707
0.07965088
0.07965088
0.15100098
0.12951660
0.07861328
0.07861328
0.07965088
0.07965088
0.07965088
0.08062744
0.11737061
0.12310791
0.07965088
0.08502197
0.07824707
0.09411621
0.08099365
0.08538818
0.11260986
0.07965088
0.12469482
0.15148926
0.08258057
0.08734131
0.25976562
0.22814941
0.07965088
0.09991455
0.17492676
0.17687988
0.07965088
0.09313965
0.14453125
0.09655762
0.12573242
0.09552002
0.15686035
0.14270020
0.10766602
0.12072754
0.07525635
0.07861328
0.07861328
0.07965088
0.08679199
0.19128418
0.14453125
0.15124512
0.08398438
0.08538818
0.07965088
0.08062744
0.27612305
0.25024414
0.11834717
0.10723877
0.27783203
0.30908203
0.07965088
0.07965088
0.20581055
0.16174316
0.10089111
0.09948730
0.00000000
0.00000000
0.07965088
0.07965088
0.15832520
0.17248535
0.09948730
0.08099365
0.07965088
0.07965088
0.07965088
0.07861328
0.17248535
0.11975098
0.08062744
0.08398438
0.07965088
0.07965088
0.07965088
0.09552002
0.07965088
0.07965088
0.15002441
0.14221191
0.24951172
0.23156738
0.07623291
0.11889648
0.07525635
0.11358643
0.13781738
0.14025879
0.20019531
0.16650391
0.15539551
0.11499023
0.13891602
0.07965088
0.10821533
0.09277344
0.15930176
0.11157227
0.09613037
0.12805176
0.07965088
0.07965088
0.09173584
0.10284424
0.09173584
0.11639404
0.09368896
0.11395264
0.07965088
0.07965088
0.07525635
0.07525635
0.10284424
0.07666016
0.17248535
0.17980957
0.07965088
0.07965088
0.07666016
0.07965088
0.10961914
0.11975098
0.17785645
0.18652344
0.07965088
0.08538818
0.07965088
0.07965088
0.08776855
0.07965088
0.20837402
0.20031738
0.09411621
0.09991455
0.08978271
0.08398438
0.07965088
0.07965088
0.15295410
0.13305664
0.11059570
0.12036133
0.27685547
0.28344727
0.07965088
0.07965088
0.07965088
0.08099365
0.11157227
0.11499023
0.27783203
0.00000000
0.07965088
0.07965088
0.08203125
0.10626221
0.09313965
0.07965088
0.00000000
0.07965088
0.08099365
0.07965088
0.14721680
0.10968018
0.07965088
0.08538818
0.07965088
0.07965088
0.08398438
0.07965088
0.11340332
0.10046387
0.11541748
0.14855957
0.26269531
0.24206543
0.13537598
0.11987305
0.07965088
0.07965088
0.15966797
0.15734863
0.24890137
0.23400879
0.11395264
0.09509277
0.07965088
0.07965088
0.15979004
0.16369629
0.20544434
0.18017578
0.09844971
0.08062744
0.07965088
0.07965088
0.16906738
0.18359375
0.17199707
0.13684082
0.09033203
0.10583496
0.07965088
0.07965088
0.07965088
0.07965088
0.08398438
0.09649658
0.16711426
0.19592285
0.10723877
0.09368896
0.07965088
0.07965088
0.08203125
0.10766602
0.22387695
0.23474121
0.12329102
0.13342285
0.07965088
0.07965088
0.11975098
0.09991455
0.18261719
0.13891602
0.09613037
0.11059570
0.07965088
0.07965088
0.08099365
0.07965088
0.13342285
0.18835449
0.09368896
0.07861328
0.28710938
0.29052734
0.14550781
0.09948730
0.07965088
0.07623291
0.07965088
0.09411621
0.28002930
0.28320312
0.07666016
0.07965088
0.11260986
0.11975098
0.11877441
0.11340332
0.00000000
0.00000000
0.07965088
0.07965088
0.09887695
0.08538818
0.10864258
0.12469482
0.09552002
0.07861328
0.07965088
0.07965088
0.08978271
0.12951660
0.14221191
0.16674805
0.26269531
0.26391602
0.12670898
0.24353027
0.07965088
0.07965088
0.07965088
0.07965088
0.22766113
0.26660156
0.27514648
0.25903320
0.07965088
0.07965088
0.07965088
0.07965088
0.25878906
0.23120117
0.24975586
0.20922852
0.07965088
0.07965088
0.07965088
0.07965088
0.21166992
0.20556641
0.14709473
0.10388184
0.07965088
0.07965088
0.07965088
0.07965088
0.07965088
0.07965088
0.15002441
0.14465332
0.11755371
0.14672852
0.29028320
0.28710938
0.07824707
0.10089111
0.13781738
0.11975098
0.14672852
0.14868164
0.28295898
0.27416992
0.11541748
0.11877441
0.16162109
0.20739746
0.15112305
0.16967773
0.28076172
0.00000000
0.09411621
0.07965088
0.26831055
0.28369141
0.14709473
0.11016846
0.00000000
0.07965088
0.15002441
0.13586426
0.07965088
0.07861328
0.09552002
0.10668945
0.29174805
0.24584961
0.10864258
0.10290527
0.09552002
0.12371826
0.11596680
0.10522461
0.21618652
0.23303223
0.08203125
0.07965088
0.09649658
0.08398438
0.10327148
0.10131836
0.27172852
0.27416992
0.07965088
0.07965088
0.09552002
0.10565186
0.10089111
0.11602783
0.29199219
0.23498535
0.07965088
0.07525635
0.07965088
0.07965088
0.07965088
0.07965088
0.08398438
0.07965088
0.09613037
0.22961426
0.07965088
0.07965088
0.07965088
0.07965088
0.07623291
0.10046387
0.26635742
0.19702148
0.07965088
0.07965088
0.07965088
0.07965088
0.15832520
0.15197754
0.14953613
0.12902832
0.07965088
0.07965088
0.07965088
0.07965088
0.16174316
0.14562988
0.08062744
0.10565186
0.17590332
0.17492676
0.27465820
0.29150391
0.07965088
0.07623291
0.13208008
0.15429688
0.18627930
0.20922852
0.27758789
0.27197266
0.07965088
0.08599854
0.16503906
0.19091797
0.25170898
0.27148438
0.27514648
0.27612305
0.11499023
0.11157227
0.21289062
0.23510742
0.25732422
0.25341797
0.00000000
0.00000000
0.07965088
0.07965088
0.07965088
0.07965088
0.08538818
0.09411621
0.20214844
0.20019531
0.07623291
0.08636475
0.07965088
0.08398438
0.11065674
0.15441895
0.21813965
0.18115234
0.10522461
0.12609863
0.11004639
0.07965088
0.16918945
0.17883301
0.20202637
0.18493652
0.14953613
0.14453125
0.09887695
0.09552002
0.17150879
0.16076660
0.12670898
0.09948730
0.14416504
0.12133789
0.07965088
0.07965088
0.07965088
0.07965088
0.09808350
0.07861328
0.10186768
0.07666016
0.07965088
0.07965088
0.07965088
0.07965088
0.07965088
0.08062744
0.12609863
0.21191406
0.07965088
0.07965088
0.08062744
0.07965088
0.14025879
0.14660645
0.23364258
0.20837402
0.07965088
0.07965088
0.07965088
0.07965088
0.15295410
0.17004395
0.21032715
0.19702148
0.18273926
0.18286133
0.29760742
0.29638672
0.07965088
0.07965088
0.08398438
0.07965088
0.22058105
0.20483398
0.30053711
0.29443359
0.07965088
0.07965088
0.07965088
0.07965088
0.18554688
0.19787598
0.29248047
0.28857422
0.07965088
0.07965088
0.09216309
0.07965088
0.22167969
0.24963379
0.27758789
0.00000000
0.07861328
0.08062744
0.07965088
0.10229492
0.13879395
0.12133789
0.07965088
0.07965088
0.07965088
0.07965088
0.25219727
0.20874023
0.12707520
0.14453125
0.07965088
0.07965088
0.07965088
0.07965088
0.10723877
0.15649414
0.12670898
0.12658691
0.07965088
0.07965088
0.07965088
0.07965088
0.25805664
0.31640625
0.17883301
0.18078613
0.07666016
0.10522461
0.07965088
0.07965088
0.30102539
0.29345703
0.07666016
0.09033203
0.26489258
0.25390625
0.15393066
0.14953613
0.15393066
0.13342285
0.07965088
0.08099365
0.20642090
0.17297363
0.14855957
0.15869141
0.15270996
0.17321777
0.08062744
0.07965088
0.15637207
0.11798096
0.12231445
0.07525635
0.13452148
0.10620117
0.07965088
0.07965088
0.11499023
0.12805176
0.07965088
0.07965088
0.12707520
0.10766602
0.07965088
0.07965088
0.29980469
0.00000000
0.10089111
0.10723877
0.11639404
0.09655762
0.07965088
0.08538818
0.00000000
0.22436523
0.09655762
0.09216309
0.08978271
0.12371826
0.08398438
0.07623291
0.19531250
0.17199707
0.09851074
0.09173584
0.12707520
0.13049316
0.07666016
0.07965088
0.15295410
0.18701172
0.08935547
0.10583496
0.14123535
0.10522461
0.07965088
0.07965088
0.07965088
0.07965088
0.11791992
0.07763672
0.21020508
0.18066406
0.07965088
0.07965088
0.07965088
0.07965088
0.11755371
0.22912598
0.11065674
0.09887695
0.07965088
0.07965088
0.07965088
0.07965088
0.29565430
0.30029297
0.09173584
0.07965088
0.07965088
0.07861328
0.07965088
0.07965088
0.29101562
0.28955078
0.07965088
0.07965088
0.19165039
0.14367676
0.16027832
0.13012695
0.15637207
0.16857910
0.07965088
0.07965088
0.12335205
0.08935547
0.09552002
0.11401367
0.16772461
0.16442871
0.11157227
0.15148926
0.09991455
0.10626221
0.13146973
0.14465332
0.15637207
0.15429688
0.15588379
0.14709473
0.12817383
0.12707520
0.10626221
0.07965088
0.13684082
0.13244629
0.16259766
0.18261719
0.30029297
0.30078125
0.07965088
0.07965088
0.10900879
0.09655762
0.07965088
0.07965088
0.00000000
0.00000000
0.11102295
0.12176514
0.09753418
0.11779785
0.07965088
0.07965088
0.24145508
0.25561523
0.09851074
0.14611816
0.12512207
0.10229492
0.07965088
0.07965088
0.23632812
0.19628906
0.16174316
0.13049316
0.07623291
0.08837891
0.07965088
0.07965088
0.07965088
0.07965088
0.07525635
0.07525635
0.17419434
0.15966797
0.09851074
0.11199951
0.07965088
0.07965088
0.08435059
0.13745117
0.18371582
0.15429688
0.11199951
0.12371826
0.07965088
0.07965088
0.25366211
0.30249023
0.09472656
0.07623291
0.11999512
0.12512207
0.07965088
0.07965088
0.28564453
0.28393555
0.07965088
0.07965088
0.12274170
0.13342285
0.14758301
0.18115234
0.20776367
0.19714355
0.07965088
0.07965088
0.28637695
0.29345703
0.16125488
0.08398438
0.16564941
0.17724609
0.07965088
0.07965088
0.29956055
0.00000000
0.07623291
0.09368896
0.16308594
0.15100098
0.07965088
0.08300781
0.00000000
0.10046387
0.11499023
0.08538818
0.14123535
0.11596680
0.08300781
0.08300781
0.22033691
0.25585938
0.07965088
0.07965088
0.07965088
0.07861328
0.07965088
0.07965088
0.08062744
0.07965088
0.07965088
0.10388184
0.08258057
0.10388184
0.07965088
0.07965088
0.08538818
0.07861328
0.14282227
0.10186768
0.12176514
0.10565186
0.07965088
0.07965088
0.07965088
0.07965088
0.07525635
0.08203125
0.08978271
0.08538818
0.08062744
0.12274170
0.07965088
0.07965088
0.17089844
0.22351074
0.14562988
0.13684082
0.13684082
0.21569824
0.11541748
0.11639404
0.22338867
0.17065430
0.14025879
0.14257812
0.20605469
0.16613770
0.16467285
0.16613770
0.10382080
0.07464600
0.17138672
0.16418457
0.10186768
0.08300781
0.12133789
0.07965088
0.15063477
0.27319336
0.11065674
0.08300781
0.07965088
0.07861328
0.07965088
0.07965088
0.12274170
0.14562988
0.07861328
0.09411621
0.28173828
0.28051758
0.08398438
0.07965088
0.17443848
0.19189453
0.10388184
0.09173584
0.29736328
0.30126953
0.08538818
0.08062744
0.15734863
0.15441895
0.07965088
0.07623291
0.00000000
0.00000000
0.07965088
0.07965088
0.14855957
0.15197754
0.07861328
0.07623291
0.07965088
0.07525635
0.07861328
0.07965088
0.07965088
0.08538818
0.07965088
0.07965088
0.13244629
0.12805176
0.13977051
0.13537598
0.08062744
0.07965088
0.07965088
0.07965088
0.12951660
0.12310791
0.14855957
0.15820312
0.07965088
0.07965088
0.07965088
0.07965088
0.12707520
0.09552002
0.18725586
0.22790527
0.09552002
0.08636475
0.07965088
0.08062744
0.07623291
0.07861328
0.18676758
0.09075928
0.13049316
0.13488770
0.07525635
0.11938477
0.12176514
0.12231445
0.10821533
0.18688965
0.13549805
0.12414551
0.14562988
0.13928223
0.10620117
0.12646484
0.22131348
0.19250488
0.11676025
0.12072754
0.11700439
0.10186768
0.14501953
0.12017822
0.17749023
0.20935059
0.14318848
0.15100098
0.08099365
0.08837891
0.08978271
0.07965088
0.21374512
0.20202637
0.07965088
0.07965088
0.28051758
0.28564453
0.12274170
0.09948730
0.07965088
0.07965088
0.07965088
0.07623291
0.27612305
0.28247070
0.09509277
0.08398438
0.07965088
0.07965088
0.09509277
0.15979004
0.29443359
0.00000000
0.07965088
0.07965088
0.07965088
0.07965088
0.15344238
0.14074707
0.00000000
0.07965088
0.07965088
0.08636475
0.07965088
0.07965088
0.10388184
0.09509277
0.19396973
0.20556641
0.12274170
0.09948730
0.08062744
0.12377930
0.07965088
0.07623291
0.18457031
0.17004395
0.09948730
0.10620117
0.09753418
0.08636475
0.07861328
0.07965088
0.15832520
0.14855957
0.13244629
0.16223145
0.08538818
0.10485840
0.07965088
0.07965088
0.14855957
0.14318848
0.16857910
0.17187500
0.13146973
0.13244629
0.11260986
0.12469482
0.12414551
0.13146973
0.09313965
0.17480469
0.07965088
0.07965088
0.11737061
0.14123535
0.12707520
0.09552002
0.23449707
0.22155762
0.07965088
0.08062744
0.19665527
0.22827148
0.08978271
0.12176514
0.26904297
0.26708984
0.08099365
0.08300781
0.22045898
0.18591309
0.10522461
0.08502197
0.22900391
0.20886230
0.08636475
0.08099365
0.28271484
0.27539062
0.11065674
0.08874512
0.07965088
0.07965088
0.08502197
0.08679199
0.27905273
0.28442383
0.08398438
0.08062744
0.07965088
0.07965088
0.10821533
0.13586426
0.28662109
0.29296875
0.07965088
0.07965088
0.07965088
0.07965088
0.13146973
0.12707520
0.00000000
0.00000000
0.07965088
0.07965088
0.07965088
0.08099365
0.10046387
0.07965088
0.19567871
0.23742676
0.08538818
0.09808350
0.07965088
0.07965088
0.12670898
0.15295410
0.21508789
0.20605469
0.10723877
0.08734131
0.07965088
0.08636475
0.17773438
0.17346191
0.21813965
0.20593262
0.07666016
0.08734131
0.08062744
0.07965088
0.14855957
0.11596680
0.17980957
0.16333008
0.09808350
0.13940430
0.07965088
0.07965088
0.11700439
0.08099365
0.07861328
0.08978271
0.13452148
0.17041016
0.11633301
0.11932373
0.16320801
0.26562500
0.14221191
0.13146973
0.14221191
0.15600586
0.09753418
0.12176514
0.29882812
0.28662109
0.09552002
0.07965088
0.18701172
0.19873047
0.10961914
0.12609863
0.28076172
0.27636719
0.11499023
0.12115479
0.18090820
0.15979004
0.11975098
0.10089111
0.28295898
0.00000000
0.12176514
0.11157227
0.07965088
0.07965088
0.07965088
0.07965088
0.20532227
0.24951172
0.08062744
0.07965088
0.07965088
0.07965088
0.08062744
0.11065674
0.22961426
0.23876953
0.07965088
0.07965088
0.07965088
0.07965088
0.13684082
0.14904785
0.22387695
0.24707031
0.07965088
0.07965088
0.07965088
0.08636475
0.15295410
0.14318848
0.25000000
0.22229004
0.08398438
0.08300781
0.07965088
0.07965088
0.07965088
0.08300781
0.07861328
0.07965088
0.07861328
0.08300781
0.07965088
0.07965088
0.08300781
0.07623291
0.07965088
0.07965088
0.08398438
0.09033203
0.07965088
0.07965088
0.07965088
0.07965088
0.10864258
0.11157227
0.08099365
0.10388184
0.07965088
0.07965088
0.07965088
0.07965088
0.07525635
0.08978271
0.19091797
0.18457031
0.11932373
0.10089111
0.09173584
0.15148926
0.07525635
0.11224365
0.18957520
0.20397949
0.10522461
0.12707520
0.23950195
0.29150391
0.16345215
0.14160156
0.18420410
0.18078613
0.12469482
0.11798096
0.29248047
0.28417969
0.09613037
0.07623291
0.18420410
0.23266602
0.12274170
0.11254883
0.28417969
0.27514648
0.07965088
0.07965088
0.07965088
0.07965088
0.07965088
0.07965088
0.24084473
0.26074219
0.07965088
0.07965088
0.07965088
0.07965088
0.07965088
0.08062744
0.25732422
0.25854492
0.07861328
0.09173584
0.07965088
0.07861328
0.08538818
0.08538818
0.26196289
0.27221680
0.15405273
0.21875000
0.09552002
0.09948730
0.11297607
0.11895752
0.24511719
0.25244141
0.21716309
0.19604492
0.07965088
0.07965088
0.07965088
0.07965088
0.15002441
0.14599609
0.16711426
0.15832520
0.07965088
0.07965088
0.07965088
0.07965088
0.07965088
0.07965088
0.15734863
0.16271973
0.07965088
0.07965088
0.07965088
0.07965088
0.07965088
0.07965088
0.18420410
0.16711426
0.07965088
0.07965088
0.07965088
0.07965088
0.07965088
0.08398438
0.19592285
0.20446777
0.16577148
0.11499023
0.11059570
0.13342285
0.07965088
0.07965088
0.07965088
0.07965088
0.09277344
0.11157227
0.16223145
0.24291992
0.07965088
0.11798096
0.07965088
0.07965088
0.07965088
0.10284424
0.28979492
0.29077148
0.14953613
0.13586426
0.07965088
0.07965088
0.09075928
0.10284424
0.28735352
0.27563477
0.10522461
0.07525635
0.08398438
0.12176514
0.07965088
0.07965088
0.29296875
0.30004883
0.07965088
0.07965088
0.07965088
0.07965088
0.07965088
0.07965088
0.31176758
0.25048828
0.07965088
0.07965088
0.07965088
0.07965088
0.07965088
0.07965088
0.26928711
0.26708984
0.07861328
0.08734131
0.07965088
0.07965088
0.08062744
0.09313965
0.22668457
0.21411133
0.15649414
0.25927734
0.07965088
0.07965088
0.07965088
0.07965088
0.09515381
0.12414551
0.10388184
0.11022949
0.16613770
0.11737061
0.07965088
0.07965088
0.13586426
0.12371826
0.11022949
0.10192871
0.13342285
0.13244629
0.07965088
0.07965088
0.08099365
0.07965088
0.10662842
0.10089111
0.15441895
0.16857910
0.07965088
0.07965088
0.07965088
0.07965088
0.09552002
0.10925293
0.19653320
0.20642090
0.10424805
0.12469482
0.07965088
0.07965088
0.07965088
0.07965088
0.14025879
0.10186768
0.20336914
0.25854492
0.07965088
0.07965088
0.07965088
0.08062744
0.08978271
0.08062744
0.27954102
0.29541016
0.07965088
0.10046387
0.07965088
0.07965088
0.07861328
0.10662842
0.28613281
0.27954102
0.12231445
0.12573242
0.07861328
0.08978271
0.12219238
0.12854004
0.27148438
0.29223633
0.20727539
0.15637207
0.07965088
0.07965088
0.07965088
0.07965088
0.28198242
0.28247070
0.08300781
0.07623291
0.07965088
0.07965088
0.07965088
0.07965088
0.28295898
0.24621582
0.07965088
0.07965088
0.07965088
0.07965088
0.07965088
0.07965088
0.22326660
0.22668457
0.07623291
0.08398438
0.07965088
0.07965088
0.07965088
0.07965088
0.07965088
0.08538818
0.15100098
0.15332031
0.15454102
0.22839355
0.12274170
0.13977051
0.09411621
0.14270020
0.16076660
0.13549805
0.25463867
0.21765137
0.20727539
0.26684570
0.13146973
0.08062744
0.11004639
0.07666016
0.19299316
0.18762207
0.26562500
0.28710938
0.07965088
0.07861328
0.11358643
0.23010254
0.18664551
0.17687988
0.28613281
0.28662109
0.07965088
0.07965088
0.07965088
0.07965088
0.16613770
0.16809082
0.17041016
0.14221191
0.07965088
0.07965088
0.07965088
0.09552002
0.14562988
0.12951660
0.11401367
0.11401367
0.07965088
0.07965088
0.08636475
0.07965088
0.10522461
0.11303711
0.11834717
0.13342285
0.07965088
0.07965088
0.07965088
0.07965088
0.12609863
0.10961914
0.16613770
0.13891602
0.25024414
0.22387695
0.00000000
0.07965088
0.07965088
0.07965088
0.12371826
0.10247803
0.18176270
0.19201660
0.07965088
0.07965088
0.07965088
0.07965088
0.11877441
0.11639404
0.18908691
0.11895752
0.07965088
0.07965088
0.07965088
0.07965088
0.09075928
0.07861328
0.11889648
0.14123535
0.07965088
0.07965088
0.07965088
0.07965088
0.07965088
0.08062744
0.16857910
0.15490723
0.15686035
0.14758301
0.07965088
0.07965088
0.29077148
0.29077148
0.15539551
0.15539551
0.13879395
0.12805176
0.07965088
0.07965088
0.29052734
0.31787109
0.15734863
0.16369629
0.14074707
0.13049316
0.07965088
0.07965088
0.30273438
0.00000000
0.15197754
0.16369629
0.13342285
0.15637207
0.07965088
0.07965088
0.00000000
0.21997070
0.09112549
0.11938477
0.12377930
0.13391113
0.07965088
0.07965088
0.08099365
0.08636475
0.14123535
0.12274170
0.09613037
0.08538818
0.07965088
0.07965088
0.07965088
0.07965088
0.13049316
0.18603516
0.11700439
0.11779785
0.07965088
0.07965088
0.07965088
0.07965088
0.19042969
0.18664551
0.11260986
0.12274170
0.07965088
0.07965088
0.07965088
0.07965088
0.07965088
0.07965088
0.18762207
0.17883301
0.10961914
0.11596680
0.13720703
0.15429688
0.07965088
0.12866211
0.17822266
0.21997070
0.10827637
0.10388184
0.16564941
0.17248535
0.21716309
0.19458008
0.18750000
0.10290527
0.12475586
0.13891602
0.13781738
0.12609863
0.09173584
0.12231445
0.09552002
0.11065674
0.16210938
0.17382812
0.12414551
0.14025879
0.09613037
0.14465332
0.07965088
0.07965088
0.30737305
0.30224609
0.07965088
0.07965088
0.15832520
0.14953613
0.07965088
0.07965088
0.28173828
0.29150391
0.07965088
0.07965088
0.15197754
0.16125488
0.07965088
0.07965088
0.29150391
0.29003906
0.07965088
0.07965088
0.15930176
0.15869141
0.08398438
0.10327148
0.00000000
0.00000000
0.09753418
0.10479736
0.12512207
0.13146973
0.07965088
0.07965088
0.12512207
0.10327148
0.14916992
0.09710693
0.12609863
0.12078857
0.07965088
0.07965088
0.09075928
0.07861328
0.07666016
0.07965088
0.11578369
0.10229492
0.07965088
0.07965088
0.07965088
0.07965088
0.07861328
0.07525635
0.08538818
0.09655762
0.07965088
0.07965088
0.07965088
0.07965088
0.08099365
0.18139648
0.17810059
0.15771484
0.11999512
0.11499023
0.13977051
0.13452148
0.07965088
0.07965088
0.16308594
0.18225098
0.13647461
0.15295410
0.11499023
0.13586426
0.13781738
0.16076660
0.16113281
0.18249512
0.20971680
0.21362305
0.15734863
0.16271973
0.16369629
0.16271973
0.19262695
0.12609863
0.19409180
0.21313477
0.13049316
0.08062744
0.17541504
0.17810059
0.07965088
0.07965088
0.29785156
0.30175781
0.07965088
0.07965088
0.10626221
0.07965088
0.07965088
0.07965088
0.28881836
0.26879883
0.07965088
0.07965088
0.07861328
0.08062744
0.07965088
0.07965088
0.27978516
0.29248047
0.07965088
0.07965088
0.07824707
0.08978271
0.07861328
0.08538818
0.30932617
0.00000000
0.07965088
0.12274170
0.10766602
0.12646484
0.07965088
0.07965088
0.12371826
0.12371826
0.07965088
0.07623291
0.21081543
0.18261719
0.07965088
0.07965088
0.09991455
0.08398438
0.07861328
0.07623291
0.16027832
0.15393066
0.07965088
0.07965088
0.07965088
0.07965088
0.09313965
0.12866211
0.13793945
0.19287109
0.07965088
0.07965088
0.07965088
0.07965088
0.12286377
0.08538818
0.17431641
0.15869141
0.08099365
0.07965088
0.08099365
0.07666016
0.12817383
0.08978271
0.07965088
0.07965088
0.08062744
0.07861328
0.11938477
0.13146973
0.07824707
0.08300781
0.07965088
0.07965088
0.10046387
0.14086914
0.13488770
0.13684082
0.14660645
0.19726562
0.07965088
0.08398438
0.17346191
0.14855957
0.16442871
0.16003418
0.20642090
0.17077637
0.07965088
0.07861328
0.28906250
0.27880859
0.08538818
0.10626221
0.07861328
0.07965088
0.11297607
0.09753418
0.27856445
0.27172852
0.11541748
0.08203125
0.07965088
0.07965088
0.07824707
0.07965088
0.28515625
0.28173828
0.07965088
0.07965088
0.07965088
0.07965088
0.07965088
0.07965088
0.28613281
0.29931641
0.08062744
0.07965088
0.07965088
0.07965088
0.07965088
0.07965088
0.17333984
0.15637207
0.08300781
0.08099365
0.08837891
0.18017578
0.11798096
0.10144043
0.15197754
0.12274170
0.09509277
0.12231445
0.22094727
0.17382812
0.07623291
0.07965088
0.11199951
0.10424805
0.16027832
0.18664551
0.15393066
0.15002441
0.08062744
0.12176514
0.09692383
0.09991455
0.18469238
0.20825195
0.12707520
0.11499023
0.15832520
0.16809082
0.08062744
0.08776855
0.08398438
0.09173584
0.07965088
0.07965088
0.10046387
0.24584961
0.12036133
0.13684082
0.07861328
0.08978271
0.07965088
0.07965088
0.30590820
0.28295898
0.12951660
0.12951660
0.09411621
0.14123535
0.07965088
0.07965088
0.27416992
0.26855469
0.11541748
0.14501953
0.17883301
0.18762207
0.07666016
0.09313965
0.27319336
0.28710938
0.14660645
0.13549805
0.10626221
0.12274170
0.07965088
0.08062744
0.19934082
0.20458984
0.10186768
0.11834717
0.10046387
0.07861328
0.10766602
0.09887695
0.20581055
0.15100098
0.11199951
0.09552002
0.07965088
0.07965088
0.07965088
0.07861328
0.14953613
0.16906738
0.08398438
0.07965088
0.08062744
0.07965088
0.07965088
0.07965088
0.14758301
0.15197754
0.15783691
0.15148926
0.07965088
0.07965088
0.09552002
0.09411621
0.07965088
0.07965088
0.13012695
0.11358643
0.07861328
0.07965088
0.09649658
0.11700439
0.08636475
0.08837891
0.12707520
0.12573242
0.11303711
0.12915039
0.11401367
0.10485840
0.10809326
0.12951660
0.12573242
0.13342285
0.11401367
0.10089111
0.13049316
0.14367676
0.12670898
0.09411621
0.07965088
0.08538818
0.12176514
0.10626221
0.20324707
0.12145996
0.11877441
0.12512207
0.10864258
0.08538818
0.07965088
0.07965088
0.10284424
0.24194336
0.15002441
0.11737061
0.10089111
0.15100098
0.07965088
0.07965088
0.28417969
0.27661133
0.13342285
0.11596680
0.18359375
0.22265625
0.07965088
0.07965088
0.29150391
0.28271484
0.08398438
0.08258057
0.10784912
0.07525635
0.07965088
0.07965088
0.18554688
0.17443848
0.08099365
0.08300781
0.07861328
0.07861328
0.07965088
0.08099365
0.17150879
0.12609863
0.08398438
0.08874512
0.07965088
0.07965088
0.08398438
0.09991455
0.14855957
0.20166016
0.08258057
0.08398438
0.07965088
0.07965088
0.12609863
0.11065674
0.22497559
0.21118164
0.09173584
0.09948730
0.07965088
0.07965088
0.07965088
0.07965088
0.10046387
0.08062744
0.07623291
0.07861328
0.07965088
0.07965088
0.07965088
0.07824707
0.07965088
0.07965088
0.07861328
0.07623291
0.07965088
0.07861328
0.07623291
0.10821533
0.07965088
0.12377930
0.07965088
0.13452148
0.08978271
0.09655762
0.12231445
0.15637207
0.13781738
0.14123535
0.24108887
0.20349121
0.13049316
0.10723877
0.14941406
0.14074707
0.07861328
0.08538818
0.08538818
0.07965088
0.12512207
0.13391113
0.11889648
0.10662842
0.12371826
0.13244629
0.10046387
0.10626221
0.10766602
0.08062744
0.17797852
0.27905273
0.13781738
0.10186768
0.08099365
0.07965088
0.08636475
0.08398438
0.28076172
0.28027344
0.08734131
0.08258057
0.07965088
0.07965088
0.09655762
0.07861328
0.16809082
0.19824219
0.07965088
0.09075928
0.00000000
0.07965088
0.07965088
0.07965088
0.23071289
0.12274170
0.08837891
0.08398438
0.07965088
0.07965088
0.07965088
0.07861328
0.15197754
0.22192383
0.09411621
0.09173584
0.07965088
0.07965088
0.08679199
0.11541748
0.23840332
0.23266602
0.09173584
0.08636475
0.07965088
0.07965088
0.09692383
0.08398438
0.19226074
0.13842773
0.16040039
0.18615723
0.20117188
0.16418457
0.09613037
0.07965088
0.07623291
0.07861328
0.17980957
0.18457031
0.13977051
0.11022949
0.09613037
0.12078857
0.07965088
0.07965088
0.20544434
0.20544434
0.11297607
0.10821533
0.12072754
0.11700439
0.07623291
0.10522461
0.17102051
0.15930176
0.12072754
0.13098145
0.10479736
0.08258057
0.07965088
0.07965088
0.07965088
0.07965088
0.10766602
0.07965088
0.10479736
0.09808350
0.07861328
0.08679199
0.07965088
0.07965088
0.07965088
0.07965088
0.08837891
0.12866211
0.08636475
0.12133789
0.07965088
0.07965088
0.07965088
0.07965088
0.26123047
0.30786133
0.12805176
0.07965088
0.07965088
0.07965088
0.07965088
0.07965088
0.25488281
0.19873047
0.10290527
0.08837891
0.00000000
0.00000000
0.07965088
0.07965088
0.14562988
0.11737061
0.08300781
0.07965088
0.08062744
0.07965088
0.07965088
0.07965088
0.19433594
0.25024414
0.07965088
0.07965088
0.07965088
0.07965088
0.07965088
0.07965088
0.25390625
0.23498535
0.07965088
0.08599854
0.07965088
0.07965088
0.07965088
0.07965088
0.13146973
0.09411621
0.14123535
0.15502930
0.24450684
0.22668457
0.16516113
0.14270020
0.09753418
0.12951660
0.16406250
0.16467285
0.18969727
0.18908691
0.10919189
0.09509277
0.14562988
0.10723877
0.17980957
0.17675781
0.15197754
0.11059570
0.08734131
0.11596680
0.07824707
0.07965088
0.17346191
0.18762207
0.07965088
0.12371826
0.15490723
0.23596191
0.07965088
0.07965088
0.07965088
0.07965088
0.11102295
0.13391113
0.15539551
0.15161133
0.07965088
0.07965088
0.07965088
0.07965088
0.13720703
0.09552002
0.16845703
0.24670410
0.07965088
0.07965088
0.07965088
0.07965088
0.07861328
0.07965088
0.27685547
0.28735352
0.08636475
0.11700439
0.07965088
0.07965088
0.07965088
0.07965088
0.27563477
0.26513672
0.13049316
0.12329102
0.28369141
0.00000000
0.07965088
0.07965088
0.11199951
0.08538818
0.09368896
0.07965088
0.00000000
0.08062744
0.07965088
0.07965088
0.08978271
0.10333252
0.07965088
0.07965088
0.07965088
0.07965088
0.07965088
0.07965088
0.10485840
0.15539551
0.07965088
0.07965088
0.07965088
0.07965088
0.07965088
0.07965088
0.14453125
0.09411621
0.10229492
0.12915039
0.27172852
0.26586914
0.25292969
0.23962402
0.07965088
0.07965088
0.15539551
0.16369629
0.23937988
0.23571777
0.19396973
0.14074707
0.07965088
0.07965088
0.15734863
0.16174316
0.22424316
0.16467285
0.11395264
0.11932373
0.07965088
0.07965088
0.15539551
0.14562988
0.09887695
0.12371826
0.15930176
0.20227051
0.07965088
0.07965088
0.07965088
0.07965088
0.11743164
0.12512207
0.16711426
0.24279785
0.21911621
0.23327637
0.07965088
0.07965088
0.12805176
0.11737061
0.26708984
0.26269531
0.23083496
0.21105957
0.07965088
0.07965088
0.08398438
0.07623291
0.26733398
0.30346680
0.15673828
0.09509277
0.07965088
0.07965088
0.07861328
0.07965088
0.31176758
0.29028320
0.07666016
0.07965088
0.28149414
0.27709961
0.12951660
0.10089111
0.10864258
0.09112549
0.12805176
0.12854004
0.00000000
0.00000000
0.07965088
0.07965088
0.08062744
0.08062744
0.10290527
0.08099365
0.07965088
0.07965088
0.07965088
0.07965088
0.09313965
0.10900879
0.09112549
0.08538818
0.07965088
0.07965088
0.07965088
0.07965088
0.09411621
0.13244629
0.08203125
0.07965088
0.25292969
0.28393555
0.17578125
0.18945312
0.07965088
0.07965088
0.07965088
0.07965088
0.28784180
0.24267578
0.15930176
0.14416504
0.07965088
0.07965088
0.07965088
0.07965088
0.13745117
0.10089111
0.10723877
0.11694336
0.07965088
0.07965088
0.07965088
0.07965088
0.15393066
0.16027832
0.15051270
0.24414062
0.07965088
0.07965088
0.07965088
0.07965088
0.14416504
0.16809082
0.23400879
0.16809082
0.20190430
0.23400879
0.28051758
0.27709961
0.15637207
0.17248535
0.15100098
0.13952637
0.25463867
0.24084473
0.27758789
0.00000000
0.19494629
0.17480469
0.13989258
0.15637207
0.24426270
0.24011230
0.00000000
0.07965088
0.12854004
0.10864258
0.18933105
0.18835449
0.17785645
0.13977051
0.07965088
0.07965088
0.07965088
0.08099365
0.08300781
0.09075928
0.12707520
0.15441895
0.11163330
0.10626221
0.08978271
0.08538818
0.07965088
0.11157227
0.20507812
0.23608398
0.10150146
0.12976074
0.08062744
0.07965088
0.10290527
0.09075928
0.23706055
0.23510742
0.21606445
0.27075195
0.07965088
0.07965088
0.09991455
0.10565186
0.23046875
0.20922852
0.26245117
0.23620605
0.12768555
0.12274170
0.07965088
0.07965088
0.08062744
0.08538818
0.08062744
0.09991455
0.11737061
0.12274170
0.07965088
0.07965088
0.07965088
0.07965088
0.14025879
0.17980957
0.12902832
0.14648438
0.07965088
0.07965088
0.07965088
0.07965088
0.20104980
0.20104980
0.22106934
0.26342773
0.07965088
0.07965088
0.07965088
0.07965088
0.18615723
0.15539551
0.15100098
0.00000000
0.14758301
0.00000000
0.07965088
0.00000000
0.15930176
0.00000000
0.00000000
0.00000000
0.00000000
0.00000000
0.00000000
0.00000000
0.00000000
0.00000000
0.00000000
0.00000000
0.00000000
0.00000000
0.00000000
0.00000000
0.00000000
0.00000000
0.00000000
0.00000000
0.00000000
0.00000000
0.00000000
0.00000000
0.00000000
0.00000000
0.21130371
0.00000000
0.11932373
0.00000000
0.07965088
0.00000000
0.07965088
0.00000000
0.00000000
0.00000000
0.00000000
0.00000000
0.00000000
0.00000000
0.00000000
0.00000000
0.00000000
0.00000000
0.00000000
0.00000000
0.00000000
0.00000000
0.00000000
0.00000000
0.00000000
0.00000000
0.00000000
0.00000000
0.00000000
0.00000000
0.00000000
0.00000000
0.24072266
0.00000000
0.11004639
0.00000000
0.16369629
0.00000000
0.14416504
0.00000000
0.00000000
0.00000000
0.00000000
0.00000000
0.00000000
0.00000000
0.00000000
0.00000000
0.00000000
0.00000000
0.00000000
0.00000000
0.00000000
0.00000000
0.00000000
0.00000000
0.00000000
0.00000000
0.00000000
0.00000000
0.00000000
0.00000000
0.00000000
0.00000000
0.16442871
0.00000000
0.11596680
0.00000000
0.24084473
0.00000000
0.13891602
0.00000000
0.00000000
0.00000000
0.00000000
0.00000000
0.00000000
0.00000000
0.00000000
0.00000000
0.00000000
0.00000000
0.00000000
0.00000000
0.00000000
0.00000000
0.00000000
0.00000000
0.00000000
0.00000000
0.00000000
0.00000000
0.00000000
0.00000000
0.00000000
0.00000000
0.12274170
0.00000000
0.07965088
0.00000000
0.07965088
0.00000000
0.28515625
0.00000000
0.00000000
0.00000000
0.00000000
0.00000000
0.00000000
0.00000000
0.00000000
0.00000000
0.00000000
0.00000000
0.00000000
0.00000000
0.00000000
0.00000000
0.00000000
0.00000000
0.00000000
0.00000000
0.00000000
0.00000000
0.00000000
0.00000000
0.00000000
0.00000000
0.07623291
0.00000000
0.17785645
0.00000000
0.08636475
0.00000000
0.15734863
0.00000000
0.00000000
0.00000000
0.00000000
0.00000000
0.00000000
0.00000000
0.00000000
0.00000000
0.00000000
0.00000000
0.00000000
0.00000000
0.00000000
0.00000000
0.00000000
0.00000000
0.00000000
0.00000000
0.00000000
0.00000000
0.00000000
0.00000000
0.00000000
0.00000000
0.12573242
0.00000000
0.00000000
0.00000000
0.12805176
0.00000000
0.12512207
0.00000000
0.00000000
0.00000000
0.00000000
0.00000000
0.00000000
0.00000000
0.00000000
0.00000000
0.00000000
0.00000000
0.00000000
0.00000000
0.00000000
0.00000000
0.00000000
0.00000000
0.00000000
0.00000000
0.00000000
0.00000000
0.00000000
0.00000000
0.00000000
0.00000000
0.07965088
0.00000000
0.07965088
0.00000000
0.08978271
0.00000000
0.17187500
0.00000000
0.00000000
0.00000000
0.00000000
0.00000000
0.00000000
0.00000000
0.00000000
0.00000000
0.00000000
0.00000000
0.00000000
0.00000000
0.00000000
0.00000000
0.00000000
0.00000000
0.00000000
0.00000000
0.00000000
0.00000000
0.00000000
0.00000000
0.00000000
0.00000000
0.10522461
0.00000000
0.10186768
0.00000000
0.18090820
0.00000000
0.07965088
0.00000000
0.00000000
0.00000000
0.00000000
0.00000000
0.00000000
0.00000000
0.00000000
0.00000000
0.00000000
0.00000000
0.00000000
0.00000000
0.00000000
0.00000000
0.00000000
0.00000000
0.00000000
0.00000000
0.00000000
0.00000000
0.00000000
0.00000000
0.00000000
0.00000000
0.00000000
0.00000000
0.07965088
0.00000000
0.07965088
0.00000000
0.07965088
0.00000000
0.00000000
0.00000000
0.00000000
0.00000000
0.00000000
0.00000000
0.00000000
0.00000000
0.00000000
0.00000000
0.00000000
0.00000000
0.00000000
0.00000000
0.00000000
0.00000000
0.00000000
0.00000000
0.00000000
0.00000000
0.00000000
0.00000000
0.00000000
0.00000000
0.08978271
0.00000000
0.23107910
0.00000000
0.13012695
0.00000000
0.13928223
0.00000000
0.00000000
0.00000000
0.00000000
0.00000000
0.00000000
0.00000000
0.00000000
0.00000000
0.00000000
0.00000000
0.00000000
0.00000000
0.00000000
0.00000000
0.00000000
0.00000000
0.00000000
0.00000000
0.00000000
0.00000000
0.00000000
0.00000000
0.00000000
0.00000000
0.17199707
0.00000000
0.19775391
0.00000000
0.13244629
0.00000000
0.29003906
0.00000000
0.00000000
0.00000000
0.00000000
0.00000000
0.00000000
0.00000000
0.00000000
0.00000000
0.00000000
0.00000000
0.00000000
0.00000000
0.00000000
0.00000000
0.00000000
0.00000000
0.00000000
0.00000000
0.00000000
0.00000000
0.00000000
0.00000000
0.00000000
0.00000000
0.07965088
0.00000000
0.07965088
0.00000000
0.07965088
0.00000000
0.15197754
0.00000000
0.00000000
0.00000000
0.00000000
0.00000000
0.00000000
0.00000000
0.00000000
0.00000000
0.00000000
0.00000000
0.00000000
0.00000000
0.00000000
0.00000000
0.00000000
0.00000000
0.00000000
0.00000000
0.00000000
0.00000000
0.00000000
0.00000000
0.00000000
0.00000000
0.14172363
0.00000000
0.11102295
0.00000000
0.15393066
0.00000000
0.10864258
0.00000000
0.00000000
0.00000000
0.00000000
0.00000000
0.00000000
0.00000000
0.00000000
0.00000000
0.00000000
0.00000000
0.00000000
0.00000000
0.00000000
0.00000000
0.00000000
0.00000000
0.00000000
0.00000000
0.00000000
0.00000000
0.00000000
0.00000000
0.00000000
0.00000000
0.21313477
0.00000000
0.07965088
0.00000000
0.28247070
0.00000000
0.07965088
0.00000000
0.00000000
0.00000000
0.00000000
0.00000000
0.00000000
0.00000000
0.00000000
0.00000000
0.00000000
0.00000000
0.00000000
0.00000000
0.00000000
0.00000000
0.00000000
0.00000000
0.00000000
0.00000000
0.00000000
0.00000000
0.00000000
0.00000000
0.00000000
0.00000000
0.07965088
0.00000000
0.10821533
0.00000000
0.21374512
0.00000000
0.09509277
0.00000000
0.00000000
0.00000000
0.00000000
0.00000000
0.00000000
0.00000000
0.00000000
0.00000000
0.00000000
0.00000000
0.00000000
0.00000000
0.00000000
0.00000000
0.00000000
0.00000000
0.00000000
0.00000000
0.00000000
0.00000000
0.00000000
0.00000000
0.00000000
0.00000000
0.07824707
0.00000000
0.23706055
0.00000000
0.09991455
0.00000000
0.20544434
0.00000000
0.00000000
0.00000000
0.00000000
0.00000000
0.00000000
0.00000000
0.00000000
0.00000000
0.00000000
0.00000000
0.00000000
0.00000000
0.00000000
0.00000000
0.00000000
0.00000000
0.00000000
0.00000000
0.00000000
0.00000000
0.00000000
0.00000000
0.00000000
0.00000000
0.08978271
0.00000000
0.28369141
0.00000000
0.07965088
0.00000000
0.07965088
0.00000000
0.00000000
0.00000000
0.00000000
0.00000000
0.00000000
0.00000000
0.00000000
0.00000000
0.00000000
0.00000000
0.00000000
0.00000000
0.00000000
0.00000000
0.00000000
0.00000000
0.00000000
0.00000000
0.00000000
0.00000000
0.00000000
0.00000000
0.00000000
0.00000000
0.13781738
0.00000000
0.22326660
0.00000000
0.08062744
0.00000000
0.07965088
0.00000000
0.00000000
0.00000000
0.00000000
0.00000000
0.00000000
0.00000000
0.00000000
0.00000000
0.00000000
0.00000000
0.00000000
0.00000000
0.00000000
0.00000000
0.00000000
0.00000000
0.00000000
0.00000000
0.00000000
0.00000000
0.00000000
0.00000000
0.00000000
0.00000000
0.11303711
0.00000000
0.13110352
0.00000000
0.16271973
0.00000000
0.11834717
0.00000000
0.00000000
0.00000000
0.00000000
0.00000000
0.00000000
0.00000000
0.00000000
0.00000000
0.00000000
0.00000000
0.00000000
0.00000000
0.00000000
0.00000000
0.00000000
0.00000000
0.00000000
0.00000000
0.00000000
0.00000000
0.00000000
0.00000000
0.00000000
0.00000000
0.29199219
0.00000000
0.07666016
0.00000000
0.07965088
0.00000000
0.08978271
0.00000000
0.00000000
0.00000000
0.00000000
0.00000000
0.00000000
0.00000000
0.00000000
0.00000000
0.00000000
0.00000000
0.00000000
0.00000000
0.00000000
0.00000000
0.00000000
0.00000000
0.00000000
0.00000000
0.00000000
0.00000000
0.00000000
0.00000000
0.00000000
0.00000000
0.24279785
0.00000000
0.12670898
0.00000000
0.07965088
0.00000000
0.07965088
0.00000000
0.00000000
0.00000000
0.00000000
0.00000000
0.00000000
0.00000000
0.00000000
0.00000000
0.00000000
0.00000000
0.00000000
0.00000000
0.00000000
0.00000000
0.00000000
0.00000000
0.00000000
0.00000000
0.00000000
0.00000000
0.00000000
0.00000000
0.00000000
0.00000000
0.07965088
0.00000000
0.17480469
0.00000000
0.10864258
0.00000000
0.30200195
0.00000000
0.00000000
0.00000000
0.00000000
0.00000000
0.00000000
0.00000000
0.00000000
0.00000000
0.00000000
0.00000000
0.00000000
0.00000000
0.00000000
0.00000000
0.00000000
0.00000000
0.00000000
0.00000000
0.00000000
0.00000000
0.00000000
0.00000000
0.00000000
0.00000000
0.15563965
0.00000000
0.07965088
0.00000000
0.07965088
0.00000000
0.28149414
0.00000000
0.00000000
0.00000000
0.00000000
0.00000000
0.00000000
0.00000000
0.00000000
0.00000000
0.00000000
0.00000000
0.00000000
0.00000000
0.00000000
0.00000000
0.00000000
0.00000000
0.00000000
0.00000000
0.00000000
0.00000000
0.00000000
0.00000000
0.00000000
0.00000000
0.07623291
0.00000000
0.07965088
0.00000000
0.07965088
0.00000000
0.07965088
0.00000000
0.00000000
0.00000000
0.00000000
0.00000000
0.00000000
0.00000000
0.00000000
0.00000000
0.00000000
0.00000000
0.00000000
0.00000000
0.00000000
0.00000000
0.00000000
0.00000000
0.00000000
0.00000000
0.00000000
0.00000000
0.00000000
0.00000000
0.00000000
0.00000000
0.13146973
0.00000000
0.10919189
0.00000000
0.26074219
0.00000000
0.09991455
0.00000000
0.00000000
0.00000000
0.00000000
0.00000000
0.00000000
0.00000000
0.00000000
0.00000000
0.00000000
0.00000000
0.00000000
0.00000000
0.00000000
0.00000000
0.00000000
0.00000000
0.00000000
0.00000000
0.00000000
0.00000000
0.00000000
0.00000000
0.00000000
0.00000000
0.07965088
0.00000000
0.07965088
0.00000000
0.28222656
0.00000000
0.07965088
0.00000000
0.00000000
0.00000000
0.00000000
0.00000000
0.00000000
0.00000000
0.00000000
0.00000000
0.00000000
0.00000000
0.00000000
0.00000000
0.00000000
0.00000000
0.00000000
0.00000000
0.00000000
0.00000000
0.00000000
0.00000000
0.00000000
0.00000000
0.00000000
0.00000000
0.07965088
0.00000000
0.07965088
0.00000000
0.13830566
0.00000000
0.08538818
0.00000000
0.00000000
0.00000000
0.00000000
0.00000000
0.00000000
0.00000000
0.00000000
0.00000000
0.00000000
0.00000000
0.00000000
0.00000000
0.00000000
0.00000000
0.00000000
0.00000000
0.00000000
0.00000000
0.00000000
0.00000000
0.00000000
0.00000000
0.00000000
0.00000000
0.14758301
0.00000000
0.27172852
0.00000000
0.07965088
0.00000000
0.08538818
0.00000000
0.00000000
0.00000000
0.00000000
0.00000000
0.00000000
0.00000000
0.00000000
0.00000000
0.00000000
0.00000000
0.00000000
0.00000000
0.00000000
0.00000000
0.00000000
0.00000000
0.00000000
0.00000000
0.00000000
0.00000000
0.00000000
0.00000000
0.00000000
0.00000000
0.10766602
0.00000000
0.20776367
0.00000000
0.10345459
0.00000000
0.07965088
0.00000000
0.00000000
0.00000000
0.00000000
0.00000000
0.00000000
0.00000000
0.00000000
0.00000000
0.00000000
0.00000000
0.00000000
0.00000000
0.00000000
0.00000000
0.00000000
0.00000000
0.00000000
0.00000000
0.00000000
0.00000000
0.00000000
0.00000000
0.00000000
0.00000000
0.07965088
0.00000000
0.13452148
0.00000000
0.16174316
0.00000000
0.22119141
0.00000000
0.00000000
0.00000000
0.00000000
0.00000000
0.00000000
0.00000000
0.00000000
0.00000000
0.00000000
0.00000000
0.00000000
0.00000000
0.00000000
0.00000000
0.00000000
0.00000000
0.00000000
0.00000000
0.00000000
0.00000000
0.00000000
0.00000000
0.00000000
0.00000000
0.25170898
0.00000000
0.07965088
0.00000000
0.08978271
0.00000000
0.13244629
0.00000000
0.00000000
0.00000000
0.00000000
0.00000000
0.00000000
0.00000000
0.00000000
0.00000000
0.00000000
0.00000000
0.00000000
0.00000000
0.00000000
0.00000000
0.00000000
0.00000000
0.00000000
0.00000000
0.00000000
0.00000000
0.00000000
0.00000000
0.00000000
0.00000000
