0.26879883
0.28686523
0.07965088
0.07965088
0.07965088
0.07965088
0.22766113
0.27441406
0.32153320
0.32861328
0.07965088
0.07965088
0.07965088
0.07965088
0.26708984
0.16906738
0.34936523
0.32934570
0.07965088
0.07965088
0.07965088
0.07965088
0.17785645
0.20544434
0.35302734
0.33056641
0.07965088
0.07965088
0.07965088
0.07965088
0.21862793
0.20507812
0.23168945
0.26367188
0.07965088
0.07965088
0.28076172
0.27221680
0.07965088
0.07965088
0.27587891
0.31103516
0.07965088
0.08258057
0.27294922
0.00000000
0.07965088
0.07965088
0.30834961
0.32226562
0.11157227
0.12902832
0.11499023
0.07623291
0.07965088
0.07965088
0.32519531
0.30883789
0.14855957
0.16455078
0.07965088
0.07965088
0.07965088
0.07965088
0.07861328
0.07861328
0.14416504
0.15441895
0.32324219
0.33569336
0.33666992
0.31884766
0.07965088
0.07965088
0.15100098
0.12371826
0.34277344
0.33715820
0.28076172
0.34497070
0.07623291
0.09356689
0.08099365
0.09710693
0.32128906
0.29199219
0.35839844
0.36718750
0.11401367
0.14758301
0.17785645
0.24511719
0.28173828
0.22497559
0.37768555
0.37426758
0.07965088
0.07965088
0.07965088
0.07965088
0.15942383
0.26367188
0.30761719
0.30493164
0.07965088
0.07965088
0.07965088
0.07965088
0.23510742
0.21386719
0.30908203
0.31738281
0.07965088
0.07965088
0.07965088
0.07965088
0.27783203
0.28613281
0.32836914
0.35131836
0.07965088
0.07965088
0.07965088
0.08062744
0.26904297
0.26000977
0.34082031
0.30688477
0.07763672
0.08679199
0.32958984
0.30834961
0.07965088
0.07965088
0.07965088
0.07965088
0.12683105
0.16918945
0.28808594
0.28198242
0.07965088
0.07965088
0.08099365
0.08099365
0.21215820
0.24316406
0.00000000
0.07666016
0.07965088
0.07965088
0.07965088
0.10485840
0.25634766
0.28027344
0.07965088
0.07965088
0.07965088
0.07965088
0.14953613
0.14025879
0.17248535
0.13549805
0.32397461
0.33837891
0.33959961
0.30786133
0.07965088
0.07965088
0.12377930
0.13684082
0.32421875
0.34448242
0.32714844
0.30395508
0.07965088
0.07965088
0.14855957
0.20544434
0.32250977
0.34814453
0.30932617
0.37329102
0.07965088
0.07965088
0.25268555
0.29858398
0.31274414
0.30175781
0.38500977
0.37500000
0.07965088
0.07965088
0.07965088
0.07965088
0.14318848
0.16076660
0.32592773
0.31787109
0.23913574
0.26586914
0.07965088
0.07965088
0.26806641
0.29663086
0.33789062
0.33007812
0.26049805
0.22851562
0.07965088
0.07965088
0.30297852
0.31103516
0.33911133
0.32153320
0.23193359
0.27246094
0.09112549
0.08398438
0.28369141
0.27734375
0.32495117
0.30493164
0.28051758
0.27416992
0.34936523
0.33105469
0.07965088
0.07965088
0.08636475
0.08062744
0.27075195
0.23852539
0.32250977
0.30615234
0.07965088
0.07965088
0.07861328
0.08636475
0.23803711
0.22875977
0.28515625
0.00000000
0.07965088
0.07965088
0.12805176
0.14562988
0.23950195
0.25659180
0.07965088
0.07965088
0.07965088
0.07965088
0.15490723
0.13586426
0.27050781
0.30810547
0.33056641
0.31762695
0.31469727
0.33300781
0.07965088
0.07965088
0.07965088
0.07965088
0.32543945
0.32568359
0.33227539
0.34106445
0.07965088
0.07965088
0.07965088
0.07965088
0.33447266
0.32250977
0.37207031
0.37719727
0.07965088
0.07965088
0.07965088
0.07965088
0.34106445
0.33618164
0.35522461
0.37402344
0.07965088
0.07965088
0.08062744
0.07965088
0.25195312
0.21423340
0.35766602
0.36108398
0.24707031
0.27172852
0.33789062
0.33813477
0.26269531
0.31127930
0.35278320
0.36083984
0.26904297
0.24963379
0.32275391
0.31616211
0.30981445
0.30883789
0.35302734
0.35498047
0.26000977
0.27685547
0.30297852
0.29296875
0.32226562
0.32739258
0.35986328
0.35546875
0.28759766
0.27368164
0.00000000
0.07965088
0.09075928
0.09075928
0.08636475
0.10626221
0.32006836
0.32592773
0.34057617
0.34692383
0.09368896
0.07965088
0.10925293
0.12274170
0.32617188
0.31201172
0.33666992
0.33422852
0.07965088
0.07965088
0.12707520
0.11737061
0.28784180
0.30688477
0.31884766
0.34814453
0.07861328
0.07965088
0.13781738
0.16076660
0.31469727
0.33251953
0.35375977
0.36523438
0.30053711
0.30200195
0.07965088
0.07965088
0.07965088
0.07965088
0.23400879
0.23229980
0.32617188
0.35717773
0.07965088
0.07965088
0.07965088
0.07965088
0.21472168
0.24682617
0.37304688
0.37060547
0.07965088
0.07965088
0.07965088
0.07965088
0.30200195
0.33129883
0.37084961
0.37182617
0.07965088
0.07965088
0.07965088
0.07965088
0.33618164
0.33251953
0.37475586
0.35815430
0.23095703
0.26879883
0.33544922
0.30883789
0.08062744
0.07965088
0.34863281
0.35644531
0.27148438
0.26855469
0.32324219
0.30346680
0.07965088
0.07965088
0.35864258
0.37182617
0.26391602
0.27539062
0.30590820
0.29467773
0.07861328
0.08734131
0.35449219
0.35986328
0.27734375
0.27221680
0.30004883
0.00000000
0.15832520
0.10485840
0.45385742
0.26489258
0.39453125
0.37524414
0.34863281
0.35424805
0.28466797
0.32275391
0.16271973
0.14367676
0.37939453
0.38330078
0.36450195
0.38452148
0.32910156
0.35766602
0.10186768
0.08203125
0.35937500
0.35766602
0.35302734
0.33813477
0.36035156
0.36083984
0.08874512
0.08978271
0.35668945
0.36401367
0.35302734
0.35620117
0.37084961
0.35473633
0.07965088
0.07965088
0.09948730
0.09368896
0.19970703
0.24084473
0.38720703
0.38842773
0.07965088
0.07965088
0.07965088
0.07965088
0.23278809
0.24450684
0.35424805
0.37963867
0.07965088
0.07965088
0.07965088
0.07965088
0.30151367
0.31079102
0.36157227
0.35766602
0.07965088
0.07861328
0.07965088
0.08837891
0.34301758
0.35864258
0.39184570
0.34887695
0.31176758
0.24316406
0.32592773
0.31250000
0.10662842
0.09075928
0.20373535
0.12854004
0.24731445
0.27319336
0.31884766
0.30200195
0.08538818
0.07965088
0.11737061
0.13488770
0.26953125
0.27563477
0.29614258
0.29492188
0.07861328
0.09277344
0.15539551
0.12915039
0.27368164
0.27124023
0.29736328
0.28710938
0.09552002
0.07965088
0.10186768
0.10766602
0.40527344
0.42553711
0.37084961
0.35668945
0.29516602
0.29223633
0.07965088
0.07965088
0.41528320
0.43505859
0.34643555
0.35180664
0.31591797
0.31323242
0.07965088
0.07965088
0.37841797
0.35400391
0.39575195
0.40771484
0.30834961
0.32421875
0.07965088
0.07525635
0.38500977
0.41015625
0.38793945
0.39135742
0.33349609
0.33471680
0.09173584
0.16406250
0.07965088
0.07965088
0.19287109
0.22155762
0.41210938
0.41210938
0.34130859
0.32763672
0.07861328
0.07861328
0.25805664
0.26953125
0.41821289
0.39257812
0.28100586
0.25024414
0.08062744
0.13439941
0.29565430
0.31689453
0.39794922
0.40722656
0.24011230
0.24426270
0.14025879
0.13439941
0.33251953
0.34521484
0.37524414
0.37451172
0.24072266
0.24902344
0.33422852
0.32177734
0.16406250
0.09710693
0.10089111
0.10961914
0.42749023
0.45288086
0.30786133
0.29931641
0.07965088
0.08300781
0.12512207
0.13146973
0.41650391
0.42431641
0.29443359
0.29687500
0.09075928
0.08300781
0.13012695
0.13488770
0.40039062
0.41528320
0.28295898
0.29223633
0.07965088
0.07965088
0.11541748
0.11297607
0.44995117
0.45703125
0.37670898
0.40087891
0.28344727
0.28247070
0.07965088
0.07965088
0.07965088
0.07965088
0.40087891
0.39550781
0.29711914
0.28784180
0.07965088
0.07861328
0.07965088
0.08398438
0.37353516
0.38330078
0.29833984
0.30419922
0.08062744
0.14611816
0.08874512
0.08538818
0.45263672
0.46069336
0.30444336
0.31201172
0.21411133
0.21862793
0.07623291
0.07965088
0.21179199
0.22558594
0.45629883
0.46215820
0.38891602
0.35864258
0.30639648
0.30004883
0.24829102
0.27294922
0.44458008
0.45214844
0.33056641
0.32153320
0.30004883
0.30273438
0.28686523
0.30639648
0.44555664
0.43676758
0.28808594
0.26513672
0.30688477
0.29858398
0.32739258
0.35571289
0.42578125
0.39062500
0.25048828
0.24621582
0.29638672
0.30102539
0.07324219
0.07965088
0.11401367
0.13879395
0.43237305
0.42456055
0.38647461
0.38500977
0.07965088
0.07965088
0.14025879
0.14221191
0.40771484
0.42456055
0.38623047
0.42602539
0.07965088
0.07965088
0.15002441
0.15441895
0.42065430
0.44287109
0.42089844
0.43188477
0.08062744
0.07965088
0.15881348
0.14318848
0.43798828
0.43017578
0.41870117
0.42529297
0.25366211
0.27075195
0.08837891
0.08300781
0.07965088
0.07965088
0.19775391
0.18225098
0.28637695
0.28271484
0.07965088
0.07965088
0.07861328
0.07965088
0.22460938
0.25317383
0.27856445
0.28076172
0.08538818
0.11602783
0.07861328
0.08099365
0.27270508
0.30810547
0.28857422
0.29956055
0.20642090
0.28466797
0.09112549
0.08978271
0.33959961
0.34716797
0.49951172
0.51757812
0.38159180
0.38793945
0.28686523
0.29077148
0.07965088
0.09075928
0.50585938
0.48974609
0.38378906
0.35498047
0.29516602
0.28710938
0.09411621
0.07861328
0.44482422
0.42382812
0.33227539
0.29785156
0.29199219
0.29492188
0.07965088
0.07965088
0.43798828
0.40161133
0.27319336
0.28515625
0.28393555
0.28784180
0.08502197
0.09613037
0.15539551
0.17639160
0.42724609
0.44409180
0.41503906
0.40258789
0.22045898
0.22900391
0.16369629
0.17602539
0.46484375
0.48876953
0.39794922
0.41723633
0.24951172
0.27783203
0.19726562
0.19580078
0.51953125
0.50292969
0.42529297
0.45385742
0.27856445
0.27783203
0.18811035
0.16271973
0.49853516
0.48730469
0.46215820
0.44213867
0.28320312
0.27685547
0.07623291
0.07623291
0.07861328
0.08062744
0.22692871
0.23742676
0.51904297
0.50976562
0.07965088
0.07965088
0.11065674
0.12176514
0.20922852
0.24560547
0.50927734
0.51123047
0.08300781
0.10388184
0.09851074
0.09991455
0.28833008
0.28588867
0.48071289
0.50048828
0.15930176
0.17004395
0.11541748
0.09649658
0.32983398
0.34643555
0.47631836
0.42919922
0.41210938
0.36621094
0.30346680
0.30737305
0.07965088
0.07965088
0.16467285
0.18530273
0.35473633
0.34350586
0.31420898
0.29418945
0.07861328
0.07623291
0.20776367
0.20117188
0.35546875
0.33959961
0.30151367
0.29809570
0.09411621
0.12609863
0.20166016
0.22265625
0.34472656
0.28320312
0.28686523
0.27929688
0.15466309
0.13684082
0.21203613
0.16271973
0.48583984
0.49316406
0.43945312
0.43286133
0.22741699
0.21850586
0.00000000
0.07965088
0.49267578
0.48754883
0.43676758
0.45336914
0.21313477
0.23193359
0.07965088
0.07965088
0.49414062
0.50244141
0.44750977
0.43359375
0.25195312
0.25732422
0.07965088
0.07965088
0.53906250
0.53564453
0.44531250
0.45605469
0.26879883
0.27734375
0.07623291
0.07623291
0.09887695
0.08398438
0.21325684
0.22277832
0.56054688
0.55908203
0.48095703
0.42846680
0.08398438
0.08636475
0.23376465
0.22180176
0.55126953
0.55908203
0.35913086
0.35766602
0.08636475
0.08203125
0.28515625
0.30078125
0.58349609
0.57421875
0.36694336
0.35034180
0.13623047
0.16101074
0.30249023
0.36279297
0.52441406
0.45385742
0.34472656
0.34082031
0.27832031
0.29150391
0.07965088
0.07965088
0.16540527
0.14660645
0.47021484
0.48168945
0.29223633
0.29150391
0.07965088
0.08398438
0.19189453
0.23645020
0.50195312
0.49584961
0.30200195
0.29418945
0.09313965
0.10961914
0.22521973
0.22473145
0.52148438
0.54199219
0.30053711
0.29736328
0.12817383
0.11120605
0.19030762
0.14660645
0.53173828
0.53076172
0.49511719
0.46215820
0.23913574
0.23974609
0.29223633
0.00000000
0.07965088
0.07965088
0.41625977
0.40747070
0.22607422
0.22424316
0.08636475
0.09411621
0.07965088
0.07965088
0.40502930
0.43652344
0.22595215
0.24011230
0.09075928
0.08636475
0.07965088
0.08636475
0.45019531
0.48657227
0.24914551
0.25268555
0.08978271
0.08538818
0.08300781
0.09509277
0.23510742
0.24902344
0.57958984
0.58105469
0.38720703
0.42846680
0.28613281
0.29931641
0.21020508
0.22998047
0.58984375
0.59179688
0.41528320
0.33081055
0.31005859
0.30224609
0.28149414
0.30493164
0.56933594
0.56250000
0.29248047
0.29003906
0.30981445
0.30517578
0.30078125
0.34033203
0.53613281
0.53955078
0.31689453
0.33544922
0.28906250
0.29614258
0.32836914
0.31860352
0.07965088
0.07965088
0.07965088
0.07965088
0.18518066
0.18212891
0.29248047
0.29345703
0.07965088
0.07965088
0.07861328
0.08874512
0.14660645
0.15295410
0.28613281
0.27075195
0.07965088
0.07965088
0.09411621
0.09753418
0.16174316
0.16613770
0.26464844
0.00000000
0.07965088
0.07965088
0.08062744
0.07861328
0.18225098
0.17248535
0.31518555
0.31713867
0.19909668
0.25073242
0.07965088
0.07965088
0.07965088
0.07965088
0.31469727
0.32885742
0.31152344
0.29199219
0.07965088
0.07965088
0.07965088
0.07965088
0.34008789
0.34033203
0.29687500
0.31445312
0.07965088
0.07965088
0.07965088
0.07965088
0.33471680
0.31811523
0.27905273
0.32910156
0.07965088
0.07965088
0.07965088
0.07965088
0.16174316
0.16137695
0.29394531
0.28833008
0.14416504
0.07666016
0.34741211
0.36132812
0.19824219
0.20751953
0.28979492
0.30053711
0.07623291
0.07965088
0.31567383
0.31469727
0.16076660
0.22937012
0.28930664
0.29907227
0.07965088
0.07861328
0.31567383
0.29589844
0.25659180
0.21484375
0.29516602
0.30346680
0.07623291
0.07763672
0.27856445
0.27661133
0.07965088
0.07965088
0.07965088
0.07965088
0.23913574
0.19726562
0.32006836
0.32250977
0.07965088
0.07965088
0.07965088
0.07965088
0.17248535
0.16369629
0.33276367
0.31835938
0.07965088
0.07965088
0.07965088
0.07965088
0.15295410
0.10522461
0.32495117
0.33471680
0.07965088
0.07965088
0.07965088
0.07965088
0.08978271
0.09112549
0.32641602
0.35302734
0.29223633
0.29907227
0.07965088
0.07965088
0.07965088
0.07965088
0.14221191
0.15832520
0.28002930
0.29003906
0.07965088
0.07965088
0.07965088
0.07965088
0.19970703
0.20922852
0.32177734
0.34057617
0.07965088
0.07965088
0.07965088
0.07965088
0.18127441
0.16613770
0.30688477
0.28857422
0.07965088
0.07965088
0.07965088
0.07965088
0.22363281
0.22265625
0.30444336
0.30859375
0.25512695
0.18041992
0.35473633
0.36962891
0.07965088
0.07965088
0.31250000
0.31469727
0.14672852
0.12091064
0.33447266
0.36816406
0.07965088
0.07965088
0.33935547
0.32568359
0.11218262
0.15112305
0.35083008
0.33300781
0.07965088
0.07965088
0.31762695
0.32666016
0.18981934
0.22985840
0.30639648
0.28857422
0.07965088
0.07965088
0.09112549
0.07965088
0.29516602
0.27832031
0.31762695
0.32080078
0.27563477
0.29150391
0.10150146
0.12231445
0.25097656
0.25048828
0.29125977
0.32983398
0.30419922
0.30249023
0.08978271
0.07965088
0.23254395
0.20739746
0.33056641
0.32250977
0.32470703
0.32421875
0.07965088
0.08538818
0.18957520
0.19628906
0.34082031
0.30957031
0.32812500
0.33496094
0.07965088
0.07965088
0.07965088
0.07965088
0.12469482
0.13146973
0.35424805
0.33984375
0.07965088
0.07965088
0.07965088
0.07965088
0.15295410
0.19665527
0.33837891
0.34936523
0.07965088
0.07965088
0.07965088
0.07965088
0.21557617
0.20104980
0.33642578
0.33715820
0.07965088
0.07965088
0.07965088
0.07965088
0.22192383
0.32104492
0.33715820
0.31665039
0.31860352
0.28833008
0.36279297
0.35180664
0.07965088
0.07965088
0.07965088
0.07965088
0.22192383
0.21936035
0.32763672
0.35473633
0.07965088
0.08099365
0.08538818
0.08099365
0.27612305
0.27685547
0.34326172
0.34399414
0.08300781
0.07965088
0.08398438
0.08538818
0.28198242
0.25561523
0.32373047
0.32617188
0.07965088
0.07965088
0.07861328
0.07666016
0.34179688
0.31518555
0.34082031
0.33813477
0.29199219
0.29589844
0.07965088
0.07965088
0.31152344
0.31762695
0.34350586
0.35107422
0.28662109
0.29101562
0.07965088
0.07965088
0.30810547
0.30444336
0.34155273
0.33349609
0.30200195
0.31176758
0.07965088
0.07965088
0.29858398
0.27343750
0.32641602
0.31323242
0.32421875
0.30639648
0.07965088
0.07965088
0.07965088
0.07965088
0.16076660
0.16271973
0.33349609
0.35791016
0.34057617
0.30810547
0.07965088
0.07965088
0.17346191
0.19299316
0.34033203
0.34960938
0.29321289
0.24707031
0.07965088
0.07965088
0.23876953
0.23132324
0.35571289
0.34887695
0.21313477
0.25634766
0.07965088
0.07965088
0.21472168
0.27758789
0.35180664
0.35839844
0.27368164
0.26000977
0.36328125
0.35375977
0.07965088
0.07965088
0.08160400
0.09814453
0.35937500
0.38208008
0.36010742
0.36352539
0.07965088
0.07965088
0.16076660
0.17395020
0.37182617
0.36059570
0.33569336
0.33715820
0.07965088
0.07965088
0.23596191
0.24877930
0.36596680
0.36254883
0.31762695
0.31445312
0.08300781
0.08300781
0.15637207
0.14562988
0.34301758
0.36328125
0.33789062
0.34497070
0.27514648
0.28637695
0.07965088
0.08636475
0.07861328
0.07965088
0.36401367
0.36303711
0.28125000
0.28710938
0.08099365
0.07965088
0.07965088
0.08636475
0.35009766
0.35839844
0.30297852
0.30834961
0.07965088
0.07965088
0.08538818
0.07965088
0.37744141
0.35424805
0.33300781
0.37207031
0.07965088
0.07965088
0.07965088
0.07965088
0.09368896
0.17102051
0.36645508
0.35034180
0.35571289
0.35668945
0.36230469
0.37255859
0.17053223
0.19152832
0.36083984
0.37255859
0.33007812
0.29858398
0.35595703
0.36791992
0.19396973
0.24316406
0.37231445
0.37622070
0.29003906
0.23852539
0.33813477
0.31298828
0.22290039
0.23193359
0.36230469
0.36376953
0.26245117
0.27172852
0.30932617
0.30737305
0.07525635
0.07086182
0.09454346
0.18212891
0.38891602
0.39843750
0.34008789
0.34130859
0.09112549
0.10186768
0.38623047
0.53173828
0.40307617
0.40356445
0.36279297
0.35864258
0.08837891
0.09075928
0.54394531
0.28540039
0.41040039
0.38354492
0.36181641
0.36010742
0.07965088
0.07965088
0.17529297
0.15100098
0.38281250
0.40625000
0.34643555
0.35424805
0.26611328
0.27343750
0.00000000
0.07965088
0.07965088
0.07965088
0.13684082
0.16613770
0.27319336
0.29272461
0.07965088
0.07965088
0.07965088
0.07965088
0.16918945
0.16577148
0.30151367
0.29321289
0.07965088
0.07965088
0.07965088
0.07861328
0.18835449
0.20922852
0.31054688
0.33032227
0.07965088
0.07965088
0.08837891
0.08062744
0.23474121
0.25683594
0.42089844
0.39721680
0.38647461
0.39868164
0.34204102
0.33129883
0.18762207
0.20104980
0.40380859
0.39721680
0.36767578
0.34912109
0.33105469
0.32983398
0.23583984
0.18310547
0.40673828
0.40283203
0.33203125
0.32104492
0.31250000
0.31445312
0.12573242
0.12133789
0.39111328
0.38281250
0.28857422
0.24438477
0.30151367
0.29492188
0.09509277
0.07965088
0.14904785
0.22094727
0.37377930
0.39306641
0.37402344
0.35253906
0.26049805
0.26611328
0.22998047
0.17041016
0.40625000
0.40576172
0.38452148
0.38354492
0.26855469
0.27563477
0.11102295
0.09887695
0.39794922
0.44580078
0.36816406
0.38085938
0.27734375
0.28662109
0.12310791
0.11401367
0.44335938
0.42797852
0.37915039
0.35864258
0.30249023
0.30053711
0.29003906
0.00000000
0.07965088
0.07965088
0.14416504
0.17785645
0.44091797
0.42993164
0.07965088
0.07965088
0.07965088
0.07965088
0.17785645
0.20410156
0.42797852
0.45507812
0.07965088
0.07965088
0.07965088
0.07965088
0.22131348
0.21459961
0.43847656
0.41088867
0.07965088
0.07965088
0.08062744
0.08538818
0.22595215
0.24047852
0.42895508
0.43090820
0.42041016
0.39648438
0.32006836
0.30883789
0.18664551
0.18554688
0.08734131
0.12371826
0.40722656
0.39599609
0.30639648
0.30200195
0.18688965
0.14611816
0.13146973
0.10522461
0.37182617
0.33837891
0.30810547
0.31396484
0.11755371
0.07666016
0.09216309
0.11102295
0.32861328
0.31787109
0.31250000
0.31445312
0.07623291
0.08538818
0.12707520
0.12902832
0.37915039
0.40600586
0.38476562
0.39941406
0.24169922
0.23498535
0.28564453
0.29370117
0.40771484
0.41455078
0.39062500
0.38818359
0.23767090
0.25634766
0.00000000
0.07623291
0.41284180
0.44970703
0.38500977
0.37500000
0.26928711
0.26855469
0.07965088
0.07965088
0.42553711
0.41918945
0.38403320
0.43798828
0.28271484
0.28369141
0.07965088
0.07965088
0.08062744
0.07965088
0.12854004
0.13488770
0.44946289
0.45068359
0.44677734
0.46411133
0.07965088
0.07965088
0.17675781
0.19055176
0.45361328
0.49121094
0.40356445
0.39697266
0.07965088
0.07965088
0.21081543
0.22290039
0.48730469
0.50097656
0.38110352
0.38354492
0.07965088
0.08062744
0.22058105
0.24084473
0.51025391
0.48291016
0.36889648
0.34204102
0.29833984
0.30712891
0.26660156
0.18164062
0.07824707
0.09991455
0.35400391
0.38623047
0.30639648
0.30395508
0.09552002
0.07965088
0.12707520
0.12609863
0.41381836
0.40258789
0.30249023
0.30273438
0.08258057
0.08062744
0.13342285
0.14660645
0.40795898
0.39746094
0.30615234
0.29980469
0.08062744
0.07965088
0.13928223
0.15393066
0.39648438
0.42919922
0.40429688
0.40087891
0.24829102
0.24365234
0.28344727
0.26953125
0.08160400
0.07861328
0.41088867
0.41259766
0.24511719
0.22998047
0.29003906
0.00000000
0.07965088
0.07965088
0.39135742
0.37646484
0.24426270
0.25195312
0.15527344
0.10589600
0.07965088
0.07965088
0.37915039
0.38769531
0.25585938
0.27612305
0.09033203
0.07965088
0.07965088
0.08978271
0.14123535
0.15100098
0.49658203
0.46997070
0.46655273
0.52099609
0.28051758
0.29565430
0.20397949
0.19726562
0.47827148
0.48828125
0.51123047
0.45849609
0.28881836
0.29614258
0.19396973
0.22839355
0.49682617
0.48535156
0.39672852
0.38989258
0.30224609
0.29492188
0.21081543
0.24487305
0.49047852
0.52343750
0.37304688
0.34497070
0.29614258
0.29516602
0.14611816
0.09948730
0.07861328
0.08636475
0.36694336
0.39135742
0.43432617
0.40966797
0.07623291
0.07965088
0.12609863
0.14758301
0.41552734
0.45190430
0.40039062
0.41235352
0.07965088
0.08062744
0.15100098
0.16613770
0.46557617
0.46533203
0.42041016
0.42871094
0.08538818
0.07965088
0.19091797
0.19091797
0.48291016
0.48852539
0.41699219
0.42895508
0.27587891
0.25317383
0.28295898
0.29150391
0.11596680
0.15869141
0.15490723
0.15637207
0.22973633
0.23352051
0.28588867
0.29028320
0.16638184
0.11895752
0.16906738
0.18762207
0.23291016
0.21948242
0.00000000
0.07965088
0.10723877
0.09411621
0.22033691
0.23352051
0.23034668
0.24255371
0.07965088
0.07965088
0.11499023
0.12377930
0.24389648
0.18664551
0.48925781
0.50683594
0.46655273
0.48315430
0.27734375
0.28564453
0.07965088
0.07965088
0.55810547
0.55468750
0.49438477
0.51171875
0.28930664
0.29028320
0.07965088
0.07965088
0.55664062
0.56494141
0.50537109
0.41015625
0.28637695
0.29614258
0.07965088
0.07965088
0.56054688
0.52929688
0.35131836
0.37304688
0.30444336
0.31005859
0.07965088
0.08636475
0.09411621
0.07525635
0.37695312
0.41259766
0.42163086
0.42480469
0.30737305
0.28881836
0.11022949
0.16638184
0.45434570
0.48291016
0.44726562
0.45312500
0.26416016
0.23278809
0.15771484
0.15930176
0.46606445
0.46972656
0.47045898
0.46826172
0.23754883
0.23144531
0.20275879
0.20751953
0.51269531
0.50341797
0.43481445
0.44067383
0.22509766
0.22839355
0.28344727
0.29956055
0.08300781
0.08203125
0.12756348
0.13586426
0.52539062
0.55322266
0.28613281
0.28173828
0.07666016
0.08538818
0.22106934
0.22399902
0.56982422
0.57128906
0.29321289
0.00000000
0.07623291
0.07824707
0.22692871
0.23510742
0.55859375
0.56640625
0.08062744
0.08062744
0.07965088
0.07965088
0.20312500
0.18762207
0.54736328
0.58203125
0.50585938
0.51025391
0.28149414
0.28125000
0.07965088
0.07965088
0.13391113
0.12670898
0.49780273
0.45605469
0.29028320
0.27929688
0.07965088
0.07965088
0.07623291
0.08874512
0.42431641
0.45556641
0.27758789
0.29492188
0.07965088
0.08062744
0.14562988
0.15869141
0.41137695
0.36596680
0.29052734
0.29956055
0.07965088
0.07965088
0.15332031
0.23278809
0.37915039
0.40087891
0.56005859
0.49438477
0.33007812
0.32836914
0.29833984
0.29956055
0.44799805
0.47021484
0.46728516
0.48901367
0.29125977
0.29638672
0.29956055
0.30541992
0.47778320
0.51171875
0.49511719
0.44628906
0.28906250
0.24597168
0.29077148
0.29052734
0.50488281
0.50097656
0.44824219
0.41015625
0.24218750
0.22058105
0.00000000
0.07965088
0.12176514
0.08062744
0.07965088
0.07965088
0.07965088
0.07965088
0.13146973
0.09753418
0.07965088
0.07965088
0.07965088
0.07965088
0.08978271
0.13049316
0.12176514
0.18054199
0.07965088
0.07965088
0.07965088
0.07861328
0.17248535
0.17785645
0.21765137
0.19409180
0.07965088
0.07965088
0.07623291
0.07965088
0.17785645
0.18115234
0.21325684
0.22656250
0.30053711
0.29809570
0.35253906
0.33447266
0.07965088
0.07965088
0.07965088
0.07965088
0.26147461
0.20886230
0.35571289
0.36279297
0.07965088
0.07965088
0.07965088
0.07965088
0.16418457
0.13500977
0.35473633
0.34594727
0.07965088
0.07965088
0.07965088
0.07965088
0.09173584
0.07324219
0.32861328
0.29541016
0.07965088
0.07965088
0.07965088
0.07965088
0.21923828
0.25366211
0.31005859
0.33740234
0.10388184
0.13635254
0.00000000
0.09509277
0.24890137
0.23315430
0.32739258
0.30639648
0.19409180
0.24707031
0.07861328
0.07965088
0.21826172
0.21142578
0.29296875
0.31298828
0.28173828
0.30517578
0.07965088
0.07965088
0.18664551
0.15307617
0.31005859
0.32495117
0.31518555
0.30737305
0.07965088
0.07965088
0.07965088
0.07965088
0.07965088
0.09991455
0.07965088
0.12237549
0.33276367
0.32275391
0.07965088
0.07965088
0.13146973
0.13928223
0.20373535
0.27099609
0.29833984
0.26977539
0.07965088
0.07965088
0.15332031
0.15100098
0.29516602
0.27709961
0.23730469
0.16101074
0.07965088
0.07965088
0.16467285
0.21752930
0.29516602
0.31225586
0.08636475
0.07324219
0.32373047
0.34790039
0.07965088
0.07965088
0.07965088
0.07965088
0.27050781
0.28295898
0.36181641
0.38793945
0.07965088
0.07965088
0.07861328
0.08538818
0.26000977
0.25585938
0.37622070
0.34448242
0.07965088
0.07965088
0.09075928
0.08062744
0.26269531
0.24719238
0.36523438
0.32519531
0.07965088
0.07965088
0.11303711
0.09753418
0.22729492
0.22436523
0.33325195
0.34399414
0.23522949
0.24853516
0.28320312
0.00000000
0.07965088
0.07965088
0.34667969
0.32714844
0.26318359
0.27783203
0.07623291
0.07965088
0.07965088
0.07965088
0.32153320
0.33496094
0.27221680
0.28076172
0.07965088
0.07965088
0.07965088
0.07965088
0.31152344
0.32592773
0.29687500
0.31127930
0.07965088
0.07965088
0.07965088
0.07965088
0.10229492
0.10528564
0.21435547
0.23706055
0.32763672
0.33032227
0.34545898
0.35595703
0.08636475
0.08978271
0.25634766
0.27929688
0.34497070
0.33007812
0.37719727
0.37768555
0.10327148
0.12078857
0.32250977
0.32055664
0.31591797
0.25732422
0.35034180
0.35034180
0.14660645
0.15002441
0.32348633
0.32250977
0.20849609
0.21850586
0.34545898
0.34643555
0.07965088
0.07965088
0.07965088
0.08062744
0.33374023
0.32519531
0.31054688
0.33081055
0.07965088
0.07965088
0.08538818
0.08300781
0.30297852
0.30395508
0.32446289
0.33227539
0.07965088
0.07965088
0.07965088
0.07861328
0.31689453
0.30737305
0.33935547
0.33715820
0.07965088
0.07965088
0.08062744
0.07861328
0.29418945
0.28149414
0.33447266
0.32885742
0.23352051
0.26098633
0.30151367
0.30273438
0.07965088
0.07965088
0.08203125
0.11932373
0.27807617
0.28930664
0.00000000
0.07965088
0.07965088
0.07965088
0.15002441
0.16516113
0.28027344
0.29052734
0.07965088
0.07965088
0.07965088
0.07965088
0.16174316
0.14660645
0.29589844
0.29882812
0.07965088
0.07965088
0.07965088
0.07965088
0.15295410
0.18029785
0.26269531
0.27197266
0.34155273
0.34838867
0.36743164
0.36865234
0.07965088
0.07965088
0.27514648
0.30493164
0.33715820
0.33496094
0.36962891
0.35400391
0.07965088
0.07965088
0.32421875
0.35644531
0.33251953
0.32373047
0.36279297
0.36376953
0.07965088
0.07965088
0.34765625
0.33300781
0.30102539
0.22412109
0.35034180
0.36816406
0.07965088
0.07965088
0.07965088
0.07965088
0.30273438
0.31884766
0.36450195
0.35375977
0.25024414
0.26342773
0.07965088
0.07965088
0.31811523
0.31616211
0.36791992
0.36889648
0.27612305
0.28320312
0.07965088
0.07623291
0.33789062
0.35131836
0.34008789
0.34008789
0.28588867
0.28808594
0.09753418
0.09411621
0.35327148
0.34570312
0.34082031
0.34033203
0.28881836
0.29760742
0.31250000
0.32128906
0.07965088
0.07965088
0.14758301
0.12133789
0.33691406
0.31811523
0.29052734
0.00000000
0.08734131
0.09655762
0.08160400
0.08874512
0.32958984
0.33496094
0.07965088
0.07965088
0.07965088
0.07965088
0.13989258
0.16845703
0.35058594
0.35644531
0.07965088
0.07965088
0.08062744
0.08636475
0.18127441
0.19396973
0.37377930
0.35571289
0.32910156
0.33520508
0.35839844
0.35375977
0.07965088
0.07965088
0.07965088
0.07965088
0.34936523
0.35546875
0.36816406
0.37402344
0.07965088
0.07965088
0.07965088
0.07861328
0.37060547
0.35693359
0.36425781
0.35546875
0.07965088
0.07965088
0.09411621
0.10864258
0.29980469
0.29272461
0.35644531
0.35864258
0.07965088
0.08398438
0.15808105
0.30444336
0.26708984
0.30786133
0.38403320
0.37500000
0.26611328
0.27050781
0.30249023
0.31127930
0.33325195
0.33496094
0.38208008
0.36108398
0.27221680
0.26977539
0.29370117
0.29711914
0.36865234
0.38012695
0.32324219
0.31689453
0.27416992
0.27954102
0.00000000
0.07965088
0.37841797
0.37353516
0.35449219
0.36718750
0.28271484
0.29052734
0.08636475
0.08099365
0.07965088
0.07965088
0.13146973
0.10046387
0.39892578
0.35253906
0.39379883
0.38623047
0.10723877
0.09710693
0.07623291
0.10186768
0.37451172
0.39379883
0.36035156
0.37158203
0.07623291
0.07965088
0.13977051
0.12573242
0.39916992
0.36669922
0.37817383
0.37011719
0.07965088
0.07965088
0.16809082
0.16809082
0.37377930
0.37524414
0.35620117
0.33862305
0.33789062
0.37573242
0.07965088
0.07965088
0.07965088
0.07965088
0.28686523
0.31274414
0.37573242
0.34741211
0.07861328
0.07189941
0.08300781
0.12133789
0.33715820
0.36010742
0.36743164
0.35791016
0.08734131
0.11560059
0.13012695
0.18505859
0.35473633
0.38452148
0.34594727
0.34936523
0.16564941
0.23925781
0.33593750
0.38647461
0.39868164
0.40527344
0.40625000
0.37768555
0.24951172
0.25659180
0.29589844
0.29272461
0.08300781
0.09948730
0.37988281
0.37939453
0.26220703
0.25659180
0.29711914
0.29565430
0.11059570
0.07965088
0.38183594
0.36108398
0.26074219
0.26318359
0.29443359
0.00000000
0.07965088
0.07965088
0.37133789
0.35913086
0.26416016
0.27758789
0.07965088
0.07965088
0.07965088
0.07965088
0.13244629
0.13342285
0.43554688
0.38256836
0.36108398
0.39697266
0.29272461
0.29907227
0.11737061
0.10186768
0.41088867
0.42626953
0.44482422
0.43212891
0.31298828
0.31396484
0.12036133
0.17443848
0.43334961
0.43676758
0.39892578
0.39501953
0.31860352
0.31127930
0.18652344
0.19726562
0.40942383
0.41992188
0.40380859
0.39013672
0.31420898
0.30444336
0.07965088
0.07623291
0.08874512
0.10046387
0.26367188
0.29467773
0.42065430
0.40600586
0.12133789
0.22863770
0.10919189
0.09851074
0.31274414
0.32812500
0.40527344
0.38208008
0.24377441
0.19091797
0.11499023
0.14953613
0.38110352
0.39794922
0.38500977
0.38208008
0.18115234
0.13049316
0.16271973
0.13049316
0.40087891
0.41674805
0.37255859
0.37524414
0.27441406
0.24951172
0.29614258
0.30273438
0.08062744
0.07861328
0.14123535
0.14123535
0.25195312
0.25292969
0.29272461
0.28247070
0.08538818
0.08062744
0.13684082
0.12176514
0.24072266
0.24328613
0.29052734
0.29760742
0.07965088
0.07965088
0.13342285
0.14123535
0.25366211
0.25585938
0.00000000
0.07965088
0.07965088
0.07965088
0.17248535
0.19689941
0.39697266
0.40429688
0.41406250
0.40087891
0.28686523
0.28491211
0.08062744
0.12335205
0.44775391
0.46044922
0.41015625
0.44604492
0.28808594
0.30224609
0.17919922
0.20446777
0.45141602
0.44091797
0.46264648
0.44482422
0.30615234
0.31372070
0.21667480
0.28247070
0.43774414
0.45654297
0.38793945
0.40576172
0.30566406
0.30883789
0.23266602
0.14123535
0.09112549
0.07965088
0.30786133
0.33959961
0.41870117
0.39428711
0.31347656
0.28955078
0.07965088
0.08538818
0.33300781
0.33422852
0.43969727
0.43261719
0.27661133
0.26782227
0.07861328
0.08978271
0.34692383
0.38159180
0.41015625
0.38110352
0.25268555
0.23413086
0.11596680
0.11297607
0.40209961
0.42895508
0.41137695
0.40478516
0.24072266
0.23876953
0.29565430
0.29272461
0.07965088
0.07965088
0.17041016
0.17150879
0.45825195
0.46215820
0.29492188
0.29345703
0.07861328
0.08258057
0.17199707
0.16271973
0.46801758
0.47290039
0.29370117
0.29248047
0.08099365
0.08538818
0.14221191
0.13391113
0.48266602
0.47094727
0.29687500
0.00000000
0.07965088
0.07965088
0.17041016
0.17687988
0.43359375
0.46118164
0.42773438
0.44799805
0.27539062
0.28149414
0.07965088
0.07666016
0.09112549
0.10864258
0.42749023
0.41040039
0.29077148
0.27978516
0.15490723
0.24670410
0.09851074
0.10229492
0.44165039
0.50390625
0.28417969
0.29541016
0.22985840
0.14660645
0.08874512
0.07861328
0.51171875
0.43603516
0.30053711
0.30395508
0.08398438
0.07525635
0.10864258
0.13244629
0.27929688
0.26684570
0.50537109
0.48510742
0.35229492
0.33886719
0.29150391
0.29736328
0.32006836
0.33496094
0.48339844
0.45898438
0.32714844
0.28442383
0.29687500
0.28320312
0.32812500
0.34667969
0.42382812
0.41870117
0.26806641
0.24218750
0.26831055
0.28002930
0.36157227
0.39721680
0.39990234
0.40820312
0.23730469
0.23767090
0.28369141
0.28906250
0.08062744
0.11401367
0.20507812
0.21557617
0.50683594
0.51171875
0.42944336
0.44458008
0.12707520
0.14855957
0.19970703
0.17456055
0.50048828
0.52685547
0.45703125
0.46557617
0.07965088
0.07525635
0.16613770
0.14562988
0.50976562
0.50097656
0.43432617
0.44580078
0.08062744
0.07623291
0.15832520
0.20507812
0.50830078
0.51513672
0.50781250
0.54101562
0.25634766
0.27612305
0.07965088
0.09075928
0.08837891
0.09509277
0.26831055
0.31127930
0.27001953
0.27709961
0.10522461
0.10620117
0.11596680
0.12707520
0.27832031
0.32641602
0.28979492
0.28417969
0.08398438
0.07666016
0.08636475
0.07525635
0.35180664
0.38305664
0.27514648
0.28027344
0.07623291
0.07965088
0.10388184
0.15332031
0.41259766
0.43896484
0.53808594
0.53613281
0.33984375
0.35742188
0.30419922
0.30859375
0.09655762
0.11834717
0.52392578
0.46997070
0.34545898
0.34252930
0.29785156
0.28198242
0.14221191
0.14758301
0.42553711
0.40771484
0.31079102
0.28515625
0.29028320
0.29516602
0.12915039
0.12133789
0.41601562
0.45166016
0.25292969
0.23278809
0.29296875
0.27734375
0.12915039
0.12512207
0.21508789
0.24108887
0.48999023
0.52001953
0.44824219
0.47216797
0.21765137
0.24255371
0.21081543
0.18261719
0.52197266
0.52343750
0.42553711
0.45898438
0.24536133
0.26025391
0.15197754
0.13781738
0.54833984
0.52978516
0.46801758
0.50878906
0.27001953
0.27783203
0.15930176
0.19726562
0.56152344
0.55175781
0.52734375
0.48828125
0.28002930
0.28979492
0.08300781
0.08099365
0.07965088
0.09552002
0.24084473
0.28271484
0.57861328
0.56494141
0.08099365
0.08062744
0.10522461
0.13049316
0.28051758
0.33984375
0.54882812
0.50781250
0.07965088
0.07965088
0.14697266
0.10186768
0.38476562
0.40502930
0.50537109
0.46606445
0.07965088
0.07965088
0.07525635
0.11260986
0.43530273
0.46166992
0.44799805
0.44140625
0.32666016
0.33935547
0.29809570
0.29809570
0.07965088
0.07965088
0.26611328
0.21557617
0.34301758
0.35302734
0.29345703
0.28808594
0.08203125
0.07666016
0.17187500
0.11303711
0.33520508
0.31567383
0.28662109
0.29052734
0.07623291
0.07965088
0.09552002
0.13391113
0.29882812
0.28540039
0.28271484
0.28344727
0.07965088
0.08062744
0.18603516
0.21325684
0.50830078
0.53125000
0.37011719
0.40502930
0.24060059
0.23217773
0.07965088
0.07965088
0.56835938
0.54394531
0.43554688
0.46582031
0.22534180
0.24670410
0.07965088
0.07965088
0.52539062
0.48486328
0.46923828
0.48120117
0.26879883
0.27294922
0.07965088
0.07965088
0.52294922
0.55859375
0.48510742
0.46118164
0.29150391
0.28955078
0.07965088
0.07965088
0.07965088
0.00000000
0.07965088
0.00000000
0.15429688
0.00000000
0.21752930
0.00000000
0.00000000
0.00000000
0.00000000
0.00000000
0.00000000
0.00000000
0.00000000
0.00000000
0.00000000
0.00000000
0.00000000
0.00000000
0.00000000
0.00000000
0.00000000
0.00000000
0.00000000
0.00000000
0.00000000
0.00000000
0.00000000
0.00000000
0.00000000
0.00000000
0.07861328
0.00000000
0.30712891
0.00000000
0.07965088
0.00000000
0.07965088
0.00000000
0.00000000
0.00000000
0.00000000
0.00000000
0.00000000
0.00000000
0.00000000
0.00000000
0.00000000
0.00000000
0.00000000
0.00000000
0.00000000
0.00000000
0.00000000
0.00000000
0.00000000
0.00000000
0.00000000
0.00000000
0.00000000
0.00000000
0.00000000
0.00000000
0.13391113
0.00000000
0.33544922
0.00000000
0.30737305
0.00000000
0.07965088
0.00000000
0.00000000
0.00000000
0.00000000
0.00000000
0.00000000
0.00000000
0.00000000
0.00000000
0.00000000
0.00000000
0.00000000
0.00000000
0.00000000
0.00000000
0.00000000
0.00000000
0.00000000
0.00000000
0.00000000
0.00000000
0.00000000
0.00000000
0.00000000
0.00000000
0.07965088
0.00000000
0.20886230
0.00000000
0.30590820
0.00000000
0.07623291
0.00000000
0.00000000
0.00000000
0.00000000
0.00000000
0.00000000
0.00000000
0.00000000
0.00000000
0.00000000
0.00000000
0.00000000
0.00000000
0.00000000
0.00000000
0.00000000
0.00000000
0.00000000
0.00000000
0.00000000
0.00000000
0.00000000
0.00000000
0.00000000
0.00000000
0.34545898
0.00000000
0.07965088
0.00000000
0.07861328
0.00000000
0.19335938
0.00000000
0.00000000
0.00000000
0.00000000
0.00000000
0.00000000
0.00000000
0.00000000
0.00000000
0.00000000
0.00000000
0.00000000
0.00000000
0.00000000
0.00000000
0.00000000
0.00000000
0.00000000
0.00000000
0.00000000
0.00000000
0.00000000
0.00000000
0.00000000
0.00000000
0.30444336
0.00000000
0.32348633
0.00000000
0.07965088
0.00000000
0.07965088
0.00000000
0.00000000
0.00000000
0.00000000
0.00000000
0.00000000
0.00000000
0.00000000
0.00000000
0.00000000
0.00000000
0.00000000
0.00000000
0.00000000
0.00000000
0.00000000
0.00000000
0.00000000
0.00000000
0.00000000
0.00000000
0.00000000
0.00000000
0.00000000
0.00000000
0.13830566
0.00000000
0.32690430
0.00000000
0.24963379
0.00000000
0.36523438
0.00000000
0.00000000
0.00000000
0.00000000
0.00000000
0.00000000
0.00000000
0.00000000
0.00000000
0.00000000
0.00000000
0.00000000
0.00000000
0.00000000
0.00000000
0.00000000
0.00000000
0.00000000
0.00000000
0.00000000
0.00000000
0.00000000
0.00000000
0.00000000
0.00000000
0.07965088
0.00000000
0.07965088
0.00000000
0.26806641
0.00000000
0.34008789
0.00000000
0.00000000
0.00000000
0.00000000
0.00000000
0.00000000
0.00000000
0.00000000
0.00000000
0.00000000
0.00000000
0.00000000
0.00000000
0.00000000
0.00000000
0.00000000
0.00000000
0.00000000
0.00000000
0.00000000
0.00000000
0.00000000
0.00000000
0.00000000
0.00000000
0.31469727
0.00000000
0.07965088
0.00000000
0.07965088
0.00000000
0.23779297
0.00000000
0.00000000
0.00000000
0.00000000
0.00000000
0.00000000
0.00000000
0.00000000
0.00000000
0.00000000
0.00000000
0.00000000
0.00000000
0.00000000
0.00000000
0.00000000
0.00000000
0.00000000
0.00000000
0.00000000
0.00000000
0.00000000
0.00000000
0.00000000
0.00000000
0.34643555
0.00000000
0.21716309
0.00000000
0.35498047
0.00000000
0.08874512
0.00000000
0.00000000
0.00000000
0.00000000
0.00000000
0.00000000
0.00000000
0.00000000
0.00000000
0.00000000
0.00000000
0.00000000
0.00000000
0.00000000
0.00000000
0.00000000
0.00000000
0.00000000
0.00000000
0.00000000
0.00000000
0.00000000
0.00000000
0.00000000
0.00000000
0.08380127
0.00000000
0.34838867
0.00000000
0.35034180
0.00000000
0.31738281
0.00000000
0.00000000
0.00000000
0.00000000
0.00000000
0.00000000
0.00000000
0.00000000
0.00000000
0.00000000
0.00000000
0.00000000
0.00000000
0.00000000
0.00000000
0.00000000
0.00000000
0.00000000
0.00000000
0.00000000
0.00000000
0.00000000
0.00000000
0.00000000
0.00000000
0.07965088
0.00000000
0.07965088
0.00000000
0.18957520
0.00000000
0.36108398
0.00000000
0.00000000
0.00000000
0.00000000
0.00000000
0.00000000
0.00000000
0.00000000
0.00000000
0.00000000
0.00000000
0.00000000
0.00000000
0.00000000
0.00000000
0.00000000
0.00000000
0.00000000
0.00000000
0.00000000
0.00000000
0.00000000
0.00000000
0.00000000
0.00000000
0.27978516
0.00000000
0.34497070
0.00000000
0.08062744
0.00000000
0.50537109
0.00000000
0.00000000
0.00000000
0.00000000
0.00000000
0.00000000
0.00000000
0.00000000
0.00000000
0.00000000
0.00000000
0.00000000
0.00000000
0.00000000
0.00000000
0.00000000
0.00000000
0.00000000
0.00000000
0.00000000
0.00000000
0.00000000
0.00000000
0.00000000
0.00000000
0.38623047
0.00000000
0.36157227
0.00000000
0.29199219
0.00000000
0.07965088
0.00000000
0.00000000
0.00000000
0.00000000
0.00000000
0.00000000
0.00000000
0.00000000
0.00000000
0.00000000
0.00000000
0.00000000
0.00000000
0.00000000
0.00000000
0.00000000
0.00000000
0.00000000
0.00000000
0.00000000
0.00000000
0.00000000
0.00000000
0.00000000
0.00000000
0.07965088
0.00000000
0.19140625
0.00000000
0.37841797
0.00000000
0.32153320
0.00000000
0.00000000
0.00000000
0.00000000
0.00000000
0.00000000
0.00000000
0.00000000
0.00000000
0.00000000
0.00000000
0.00000000
0.00000000
0.00000000
0.00000000
0.00000000
0.00000000
0.00000000
0.00000000
0.00000000
0.00000000
0.00000000
0.00000000
0.00000000
0.00000000
0.33666992
0.00000000
0.19177246
0.00000000
0.30981445
0.00000000
0.39916992
0.00000000
0.00000000
0.00000000
0.00000000
0.00000000
0.00000000
0.00000000
0.00000000
0.00000000
0.00000000
0.00000000
0.00000000
0.00000000
0.00000000
0.00000000
0.00000000
0.00000000
0.00000000
0.00000000
0.00000000
0.00000000
0.00000000
0.00000000
0.00000000
0.00000000
0.36645508
0.00000000
0.28247070
0.00000000
0.07965088
0.00000000
0.07965088
0.00000000
0.00000000
0.00000000
0.00000000
0.00000000
0.00000000
0.00000000
0.00000000
0.00000000
0.00000000
0.00000000
0.00000000
0.00000000
0.00000000
0.00000000
0.00000000
0.00000000
0.00000000
0.00000000
0.00000000
0.00000000
0.00000000
0.00000000
0.00000000
0.00000000
0.18859863
0.00000000
0.42041016
0.00000000
0.36108398
0.00000000
0.33251953
0.00000000
0.00000000
0.00000000
0.00000000
0.00000000
0.00000000
0.00000000
0.00000000
0.00000000
0.00000000
0.00000000
0.00000000
0.00000000
0.00000000
0.00000000
0.00000000
0.00000000
0.00000000
0.00000000
0.00000000
0.00000000
0.00000000
0.00000000
0.00000000
0.00000000
0.16064453
0.00000000
0.09753418
0.00000000
0.42773438
0.00000000
0.37500000
0.00000000
0.00000000
0.00000000
0.00000000
0.00000000
0.00000000
0.00000000
0.00000000
0.00000000
0.00000000
0.00000000
0.00000000
0.00000000
0.00000000
0.00000000
0.00000000
0.00000000
0.00000000
0.00000000
0.00000000
0.00000000
0.00000000
0.00000000
0.00000000
0.00000000
0.26635742
0.00000000
0.07965088
0.00000000
0.07965088
0.00000000
0.20263672
0.00000000
0.00000000
0.00000000
0.00000000
0.00000000
0.00000000
0.00000000
0.00000000
0.00000000
0.00000000
0.00000000
0.00000000
0.00000000
0.00000000
0.00000000
0.00000000
0.00000000
0.00000000
0.00000000
0.00000000
0.00000000
0.00000000
0.00000000
0.00000000
0.00000000
0.46142578
0.00000000
0.40673828
0.00000000
0.30664062
0.00000000
0.09844971
0.00000000
0.00000000
0.00000000
0.00000000
0.00000000
0.00000000
0.00000000
0.00000000
0.00000000
0.00000000
0.00000000
0.00000000
0.00000000
0.00000000
0.00000000
0.00000000
0.00000000
0.00000000
0.00000000
0.00000000
0.00000000
0.00000000
0.00000000
0.00000000
0.00000000
0.11932373
0.00000000
0.42749023
0.00000000
0.40136719
0.00000000
0.23974609
0.00000000
0.00000000
0.00000000
0.00000000
0.00000000
0.00000000
0.00000000
0.00000000
0.00000000
0.00000000
0.00000000
0.00000000
0.00000000
0.00000000
0.00000000
0.00000000
0.00000000
0.00000000
0.00000000
0.00000000
0.00000000
0.00000000
0.00000000
0.00000000
0.00000000
0.13647461
0.00000000
0.07965088
0.00000000
0.19091797
0.00000000
0.50781250
0.00000000
0.00000000
0.00000000
0.00000000
0.00000000
0.00000000
0.00000000
0.00000000
0.00000000
0.00000000
0.00000000
0.00000000
0.00000000
0.00000000
0.00000000
0.00000000
0.00000000
0.00000000
0.00000000
0.00000000
0.00000000
0.00000000
0.00000000
0.00000000
0.00000000
0.36181641
0.00000000
0.30541992
0.00000000
0.07965088
0.00000000
0.13684082
0.00000000
0.00000000
0.00000000
0.00000000
0.00000000
0.00000000
0.00000000
0.00000000
0.00000000
0.00000000
0.00000000
0.00000000
0.00000000
0.00000000
0.00000000
0.00000000
0.00000000
0.00000000
0.00000000
0.00000000
0.00000000
0.00000000
0.00000000
0.00000000
0.00000000
0.41723633
0.00000000
0.41699219
0.00000000
0.22241211
0.00000000
0.00000000
0.00000000
0.00000000
0.00000000
0.00000000
0.00000000
0.00000000
0.00000000
0.00000000
0.00000000
0.00000000
0.00000000
0.00000000
0.00000000
0.00000000
0.00000000
0.00000000
0.00000000
0.00000000
0.00000000
0.00000000
0.00000000
0.00000000
0.00000000
0.00000000
0.00000000
0.07623291
0.00000000
0.20263672
0.00000000
0.51464844
0.00000000
0.50732422
0.00000000
0.00000000
0.00000000
0.00000000
0.00000000
0.00000000
0.00000000
0.00000000
0.00000000
0.00000000
0.00000000
0.00000000
0.00000000
0.00000000
0.00000000
0.00000000
0.00000000
0.00000000
0.00000000
0.00000000
0.00000000
0.00000000
0.00000000
0.00000000
0.00000000
0.28393555
0.00000000
0.07965088
0.00000000
0.16467285
0.00000000
0.45214844
0.00000000
0.00000000
0.00000000
0.00000000
0.00000000
0.00000000
0.00000000
0.00000000
0.00000000
0.00000000
0.00000000
0.00000000
0.00000000
0.00000000
0.00000000
0.00000000
0.00000000
0.00000000
0.00000000
0.00000000
0.00000000
0.00000000
0.00000000
0.00000000
0.00000000
0.45922852
0.00000000
0.23718262
0.00000000
0.29345703
0.00000000
0.11157227
0.00000000
0.00000000
0.00000000
0.00000000
0.00000000
0.00000000
0.00000000
0.00000000
0.00000000
0.00000000
0.00000000
0.00000000
0.00000000
0.00000000
0.00000000
0.00000000
0.00000000
0.00000000
0.00000000
0.00000000
0.00000000
0.00000000
0.00000000
0.00000000
0.00000000
0.20910645
0.00000000
0.54296875
0.00000000
0.46752930
0.00000000
0.29321289
0.00000000
0.00000000
0.00000000
0.00000000
0.00000000
0.00000000
0.00000000
0.00000000
0.00000000
0.00000000
0.00000000
0.00000000
0.00000000
0.00000000
0.00000000
0.00000000
0.00000000
0.00000000
0.00000000
0.00000000
0.00000000
0.00000000
0.00000000
0.00000000
0.00000000
0.07965088
0.00000000
0.16210938
0.00000000
0.46459961
0.00000000
0.46020508
0.00000000
0.00000000
0.00000000
0.00000000
0.00000000
0.00000000
0.00000000
0.00000000
0.00000000
0.00000000
0.00000000
0.00000000
0.00000000
0.00000000
0.00000000
0.00000000
0.00000000
0.00000000
0.00000000
0.00000000
0.00000000
0.00000000
0.00000000
0.00000000
0.00000000
0.24719238
0.00000000
0.28540039
0.00000000
0.07965088
0.00000000
0.23413086
0.00000000
0.00000000
0.00000000
0.00000000
0.00000000
0.00000000
0.00000000
0.00000000
0.00000000
0.00000000
0.00000000
0.00000000
0.00000000
0.00000000
0.00000000
0.00000000
0.00000000
0.00000000
0.00000000
0.00000000
0.00000000
0.00000000
0.00000000
0.00000000
0.00000000
0.53808594
0.00000000
0.41186523
0.00000000
0.28417969
0.00000000
0.07965088
0.00000000
0.00000000
0.00000000
0.00000000
0.00000000
0.00000000
0.00000000
0.00000000
0.00000000
0.00000000
0.00000000
0.00000000
0.00000000
0.00000000
0.00000000
0.00000000
0.00000000
0.00000000
0.00000000
0.00000000
0.00000000
0.00000000
0.00000000
0.00000000
0.00000000
