0.07965088
0.08636475
0.07965088
0.07965088
0.07965088
0.07965088
0.14855957
0.14318848
0.09552002
0.09411621
0.07965088
0.07965088
0.07965088
0.08538818
0.12176514
0.10626221
0.09649658
0.11700439
0.08636475
0.08837891
0.10864258
0.08538818
0.07965088
0.07965088
0.11401367
0.10485840
0.10809326
0.12951660
0.10089111
0.15100098
0.07965088
0.07965088
0.16857910
0.17187500
0.13146973
0.13244629
0.22045898
0.18591309
0.10522461
0.08502197
0.20324707
0.12145996
0.11877441
0.12512207
0.10784912
0.07525635
0.07965088
0.07965088
0.10284424
0.24194336
0.15002441
0.11737061
0.07861328
0.07861328
0.07965088
0.08099365
0.28417969
0.27661133
0.13342285
0.11596680
0.07965088
0.07965088
0.08398438
0.09991455
0.22900391
0.20886230
0.08636475
0.08099365
0.00000000
0.00000000
0.07965088
0.07965088
0.18554688
0.17443848
0.08099365
0.08300781
0.07965088
0.07965088
0.07965088
0.07965088
0.17150879
0.12609863
0.08398438
0.08874512
0.07965088
0.07965088
0.07965088
0.07824707
0.14855957
0.20166016
0.08258057
0.08398438
0.07965088
0.07861328
0.07623291
0.10821533
0.07965088
0.08099365
0.10046387
0.07965088
0.17980957
0.16333008
0.09808350
0.13940430
0.10046387
0.08062744
0.07623291
0.07861328
0.13049316
0.10723877
0.14941406
0.14074707
0.07965088
0.07965088
0.07861328
0.07623291
0.12512207
0.13391113
0.11889648
0.10662842
0.07965088
0.12377930
0.07965088
0.13452148
0.10766602
0.08062744
0.17797852
0.27905273
0.07965088
0.07965088
0.11700439
0.08099365
0.11499023
0.12115479
0.18090820
0.15979004
0.07861328
0.08538818
0.08538818
0.07965088
0.09655762
0.07861328
0.16809082
0.19824219
0.12371826
0.13244629
0.10046387
0.10626221
0.07965088
0.07965088
0.23071289
0.12274170
0.13781738
0.10186768
0.08099365
0.07965088
0.07965088
0.07861328
0.15197754
0.22192383
0.11975098
0.10089111
0.28295898
0.00000000
0.07965088
0.07965088
0.07965088
0.08636475
0.07965088
0.09075928
0.00000000
0.07965088
0.09692383
0.08398438
0.19226074
0.13842773
0.08837891
0.08398438
0.07965088
0.07965088
0.09613037
0.07965088
0.07623291
0.07861328
0.09411621
0.09173584
0.07965088
0.07965088
0.09613037
0.12078857
0.07965088
0.07965088
0.15295410
0.14318848
0.25000000
0.22229004
0.08099365
0.10388184
0.07965088
0.07965088
0.16040039
0.18615723
0.20117188
0.16418457
0.10479736
0.08258057
0.07965088
0.07965088
0.17980957
0.18457031
0.13977051
0.11022949
0.10479736
0.09808350
0.07861328
0.08679199
0.20544434
0.20544434
0.11297607
0.10821533
0.08837891
0.12866211
0.08636475
0.12133789
0.07965088
0.07965088
0.07525635
0.08978271
0.18420410
0.23266602
0.12274170
0.11254883
0.07965088
0.07965088
0.10766602
0.07965088
0.25488281
0.19873047
0.10290527
0.08837891
0.07965088
0.07965088
0.07965088
0.07965088
0.14562988
0.11737061
0.08300781
0.07965088
0.07965088
0.07965088
0.07965088
0.07965088
0.19433594
0.25024414
0.07965088
0.07965088
0.28417969
0.27514648
0.07965088
0.07965088
0.09552002
0.09948730
0.11297607
0.11895752
0.00000000
0.00000000
0.07965088
0.07965088
0.13146973
0.09411621
0.14123535
0.15502930
0.08062744
0.07965088
0.07965088
0.07965088
0.09753418
0.12951660
0.16406250
0.16467285
0.07965088
0.07965088
0.07965088
0.07965088
0.14562988
0.10723877
0.17980957
0.17675781
0.24511719
0.25244141
0.21716309
0.19604492
0.07965088
0.07965088
0.07965088
0.07965088
0.24450684
0.22668457
0.16516113
0.14270020
0.07965088
0.07965088
0.07965088
0.07965088
0.18969727
0.18908691
0.10919189
0.09509277
0.07965088
0.07965088
0.07965088
0.07965088
0.15197754
0.11059570
0.08734131
0.11596680
0.07965088
0.07965088
0.07965088
0.07965088
0.07965088
0.08398438
0.19592285
0.20446777
0.09075928
0.10284424
0.28735352
0.27563477
0.11102295
0.13391113
0.15539551
0.15161133
0.13049316
0.12329102
0.28369141
0.00000000
0.13720703
0.09552002
0.16845703
0.24670410
0.09368896
0.07965088
0.00000000
0.08062744
0.07861328
0.07965088
0.27685547
0.28735352
0.07965088
0.07965088
0.07965088
0.07965088
0.10522461
0.07525635
0.08398438
0.12176514
0.08062744
0.09313965
0.22668457
0.21411133
0.07965088
0.07965088
0.11199951
0.08538818
0.10229492
0.12915039
0.27172852
0.26586914
0.07965088
0.07965088
0.08978271
0.10333252
0.15539551
0.16369629
0.23937988
0.23571777
0.07965088
0.07965088
0.10485840
0.15539551
0.15734863
0.16174316
0.22424316
0.16467285
0.15649414
0.25927734
0.07965088
0.07965088
0.07965088
0.07965088
0.07965088
0.07965088
0.25292969
0.23962402
0.07965088
0.07965088
0.07965088
0.07965088
0.11743164
0.12512207
0.19396973
0.14074707
0.07965088
0.07965088
0.07965088
0.07965088
0.12805176
0.11737061
0.11395264
0.11932373
0.07965088
0.07965088
0.07965088
0.07965088
0.08398438
0.07623291
0.09552002
0.10925293
0.19653320
0.20642090
0.28613281
0.27954102
0.12231445
0.12573242
0.16711426
0.24279785
0.21911621
0.23327637
0.28149414
0.27709961
0.12951660
0.10089111
0.26708984
0.26269531
0.23083496
0.21105957
0.00000000
0.00000000
0.07965088
0.07965088
0.26733398
0.30346680
0.15673828
0.09509277
0.07965088
0.07965088
0.07965088
0.07965088
0.07861328
0.08978271
0.12219238
0.12854004
0.22326660
0.22668457
0.07623291
0.08398438
0.10864258
0.09112549
0.12805176
0.12854004
0.25292969
0.28393555
0.17578125
0.18945312
0.08062744
0.08062744
0.10290527
0.08099365
0.28784180
0.24267578
0.15930176
0.14416504
0.09313965
0.10900879
0.09112549
0.08538818
0.13745117
0.10089111
0.10723877
0.11694336
0.07965088
0.07965088
0.07965088
0.07965088
0.07965088
0.07861328
0.11358643
0.23010254
0.07965088
0.07965088
0.07965088
0.07965088
0.14416504
0.16809082
0.23400879
0.16809082
0.07965088
0.07965088
0.07965088
0.07965088
0.15637207
0.17248535
0.15100098
0.13952637
0.07965088
0.07965088
0.07965088
0.07965088
0.19494629
0.17480469
0.13989258
0.15637207
0.18664551
0.17687988
0.28613281
0.28662109
0.07965088
0.07965088
0.07965088
0.07965088
0.20190430
0.23400879
0.28051758
0.27709961
0.07965088
0.08099365
0.08300781
0.09075928
0.25463867
0.24084473
0.27758789
0.00000000
0.08978271
0.08538818
0.07965088
0.11157227
0.24426270
0.24011230
0.00000000
0.07965088
0.08062744
0.07965088
0.10290527
0.09075928
0.12609863
0.10961914
0.16613770
0.13891602
0.11889648
0.14123535
0.07965088
0.07965088
0.12707520
0.15441895
0.11163330
0.10626221
0.12768555
0.12274170
0.07965088
0.07965088
0.20507812
0.23608398
0.10150146
0.12976074
0.11737061
0.12274170
0.07965088
0.07965088
0.23706055
0.23510742
0.21606445
0.27075195
0.12902832
0.14648438
0.07965088
0.07965088
0.07965088
0.07965088
0.07965088
0.08062744
0.10925293
0.17248535
0.16467285
0.22827148
0.08062744
0.08538818
0.08062744
0.09991455
0.22155762
0.22973633
0.20678711
0.18420410
0.07965088
0.07965088
0.14025879
0.17980957
0.25732422
0.25024414
0.19543457
0.19848633
0.07965088
0.07965088
0.20104980
0.20104980
0.24182129
0.25976562
0.22302246
0.21557617
0.29663086
0.29589844
0.07965088
0.07965088
0.07965088
0.07965088
0.13781738
0.15832520
0.29443359
0.29760742
0.07965088
0.07965088
0.08538818
0.09075928
0.16918945
0.18078613
0.28369141
0.28613281
0.07965088
0.07965088
0.10766602
0.07965088
0.16076660
0.15979004
0.00000000
0.00000000
0.07965088
0.07965088
0.10327148
0.12469482
0.14123535
0.16076660
0.24475098
0.29028320
0.13012695
0.12133789
0.07965088
0.07965088
0.07965088
0.08398438
0.31884766
0.32885742
0.11199951
0.10723877
0.07965088
0.07965088
0.10284424
0.12817383
0.32202148
0.33154297
0.16223145
0.17871094
0.07965088
0.07965088
0.13830566
0.10089111
0.33398438
0.31420898
0.15393066
0.18725586
0.07965088
0.07965088
0.09075928
0.07965088
0.07824707
0.08636475
0.15734863
0.18603516
0.18615723
0.17590332
0.33007812
0.32592773
0.10522461
0.14794922
0.20703125
0.17651367
0.22448730
0.24536133
0.31347656
0.31860352
0.13244629
0.16271973
0.20410156
0.20947266
0.24035645
0.19360352
0.29150391
0.27978516
0.23669434
0.22497559
0.24047852
0.26928711
0.13842773
0.10919189
0.28271484
0.00000000
0.07965088
0.07965088
0.07965088
0.07965088
0.20153809
0.18566895
0.28515625
0.28393555
0.07965088
0.07965088
0.07965088
0.07965088
0.17346191
0.16711426
0.29931641
0.29907227
0.07965088
0.07965088
0.09613037
0.11737061
0.16076660
0.15771484
0.32885742
0.34936523
0.07965088
0.07965088
0.10089111
0.08837891
0.16467285
0.20654297
0.36108398
0.34155273
0.11694336
0.13146973
0.07965088
0.07965088
0.07965088
0.07965088
0.08978271
0.13049316
0.13342285
0.14953613
0.07965088
0.07965088
0.07965088
0.07861328
0.17248535
0.17785645
0.16479492
0.20349121
0.07965088
0.07965088
0.07623291
0.07965088
0.17785645
0.18115234
0.26464844
0.26879883
0.07965088
0.07965088
0.07965088
0.07965088
0.15429688
0.22766113
0.12176514
0.18054199
0.26147461
0.20886230
0.35571289
0.36279297
0.07965088
0.07965088
0.21765137
0.19409180
0.16418457
0.13500977
0.35473633
0.34594727
0.07965088
0.07965088
0.21325684
0.22656250
0.09173584
0.07324219
0.32861328
0.29541016
0.07965088
0.07965088
0.21752930
0.23168945
0.07861328
0.07965088
0.30712891
0.28076172
0.07965088
0.07965088
0.07965088
0.07965088
0.24890137
0.23315430
0.32739258
0.30639648
0.19409180
0.24707031
0.07965088
0.07965088
0.21826172
0.21142578
0.29296875
0.31298828
0.28173828
0.30517578
0.07965088
0.07965088
0.18664551
0.15307617
0.31005859
0.32495117
0.31518555
0.30737305
0.07965088
0.07861328
0.13391113
0.14416504
0.33544922
0.32324219
0.30737305
0.33666992
0.07861328
0.07965088
0.07965088
0.07965088
0.13146973
0.13928223
0.20373535
0.27099609
0.07965088
0.07965088
0.07965088
0.07965088
0.15332031
0.15100098
0.29516602
0.27709961
0.07965088
0.07965088
0.07965088
0.07965088
0.16467285
0.21752930
0.29516602
0.31225586
0.07965088
0.07965088
0.07965088
0.07965088
0.20886230
0.15942383
0.30590820
0.30761719
0.29833984
0.26977539
0.36181641
0.38793945
0.07965088
0.07965088
0.07861328
0.08538818
0.23730469
0.16101074
0.37622070
0.34448242
0.07965088
0.07965088
0.09075928
0.08062744
0.08636475
0.07324219
0.36523438
0.32519531
0.07965088
0.07965088
0.11303711
0.09753418
0.07623291
0.07763672
0.34545898
0.32958984
0.07965088
0.07965088
0.07861328
0.07965088
0.26000977
0.25585938
0.34667969
0.32714844
0.26318359
0.27783203
0.07623291
0.07965088
0.26269531
0.24719238
0.32153320
0.33496094
0.27221680
0.28076172
0.07965088
0.07965088
0.22729492
0.22436523
0.31152344
0.32592773
0.29687500
0.31127930
0.07965088
0.07965088
0.19335938
0.17248535
0.30444336
0.32397461
0.32348633
0.33959961
0.07965088
0.07965088
0.07965088
0.07965088
0.08636475
0.08978271
0.25634766
0.27929688
0.34497070
0.33007812
0.07965088
0.07965088
0.10327148
0.12078857
0.32250977
0.32055664
0.31591797
0.25732422
0.07965088
0.07965088
0.14660645
0.15002441
0.32348633
0.32250977
0.20849609
0.21850586
0.07965088
0.07965088
0.13830566
0.14318848
0.32690430
0.32592773
0.24963379
0.23913574
0.37719727
0.37768555
0.07965088
0.07965088
0.08538818
0.08300781
0.30297852
0.30395508
0.35034180
0.35034180
0.07965088
0.07965088
0.07965088
0.07861328
0.31689453
0.30737305
0.34545898
0.34643555
0.07965088
0.07965088
0.08062744
0.07861328
0.29418945
0.28149414
0.36523438
0.34936523
0.07965088
0.07965088
0.07965088
0.08636475
0.26806641
0.27075195
0.32446289
0.33227539
0.27807617
0.28930664
0.07965088
0.07965088
0.07965088
0.07965088
0.33935547
0.33715820
0.28027344
0.29052734
0.07965088
0.07965088
0.07965088
0.07965088
0.33447266
0.32885742
0.29589844
0.29882812
0.07965088
0.07965088
0.07965088
0.07965088
0.34008789
0.33056641
0.31469727
0.31469727
0.07965088
0.07965088
0.07965088
0.07965088
0.13049316
0.14367676
0.12670898
0.09411621
0.18359375
0.22265625
0.07965088
0.07965088
0.15393066
0.16564941
0.10864258
0.12915039
0.21313477
0.21179199
0.07965088
0.07623291
0.14367676
0.14416504
0.10864258
0.08978271
0.23937988
0.21850586
0.09173584
0.12573242
0.15966797
0.11260986
0.08062744
0.07965088
0.20837402
0.20605469
0.11834717
0.13342285
0.29150391
0.28271484
0.08398438
0.08258057
0.07965088
0.07965088
0.12609863
0.11065674
0.28247070
0.27905273
0.07965088
0.07965088
0.07965088
0.07965088
0.10821533
0.09075928
0.00000000
0.00000000
0.07965088
0.07965088
0.07965088
0.07965088
0.07965088
0.07965088
0.07965088
0.07965088
0.07965088
0.07861328
0.07824707
0.07965088
0.07965088
0.07965088
0.22497559
0.21118164
0.09173584
0.09948730
0.08978271
0.09655762
0.12231445
0.15637207
0.21374512
0.18750000
0.09509277
0.12469482
0.07824707
0.08258057
0.23706055
0.25976562
0.15637207
0.15100098
0.15148926
0.17492676
0.08734131
0.07965088
0.22814941
0.14453125
0.12951660
0.11737061
0.17687988
0.15686035
0.09313965
0.10766602
0.09655762
0.07525635
0.13781738
0.14123535
0.24108887
0.20349121
0.08636475
0.08398438
0.28076172
0.28027344
0.09991455
0.07965088
0.20544434
0.27612305
0.08978271
0.11834717
0.28369141
0.27783203
0.09991455
0.12573242
0.25024414
0.20581055
0.10723877
0.10089111
0.30908203
0.00000000
0.09552002
0.07861328
0.16174316
0.15832520
0.09948730
0.09948730
0.00000000
0.07965088
0.08734131
0.08258057
0.07965088
0.07965088
0.08679199
0.11541748
0.23840332
0.23266602
0.07965088
0.07965088
0.07965088
0.07965088
0.13781738
0.15002441
0.22326660
0.24951172
0.07965088
0.07965088
0.07965088
0.07525635
0.14221191
0.13781738
0.23156738
0.20019531
0.07965088
0.07965088
0.11358643
0.13891602
0.14025879
0.10821533
0.16650391
0.15930176
0.09173584
0.08636475
0.07965088
0.07965088
0.12072754
0.11700439
0.07623291
0.10522461
0.08062744
0.07623291
0.07965088
0.07965088
0.11303711
0.07525635
0.13110352
0.10284424
0.11889648
0.15539551
0.07965088
0.07965088
0.07525635
0.07666016
0.07666016
0.10961914
0.11499023
0.09613037
0.07965088
0.07965088
0.07965088
0.07965088
0.11975098
0.08776855
0.17102051
0.15930176
0.12072754
0.13098145
0.26123047
0.30786133
0.12805176
0.07965088
0.16271973
0.17248535
0.11834717
0.11059570
0.29199219
0.27685547
0.07666016
0.07965088
0.17980957
0.17785645
0.12036133
0.11157227
0.28344727
0.27783203
0.07965088
0.07965088
0.18652344
0.20837402
0.11499023
0.09313965
0.00000000
0.00000000
0.07965088
0.08099365
0.07965088
0.07965088
0.07965088
0.07965088
0.25390625
0.23498535
0.07965088
0.08599854
0.07965088
0.07965088
0.08978271
0.11541748
0.24279785
0.26269531
0.12670898
0.13537598
0.08099365
0.08203125
0.14855957
0.15966797
0.24206543
0.24890137
0.11987305
0.11395264
0.10626221
0.14721680
0.15734863
0.15979004
0.23400879
0.20544434
0.09509277
0.09844971
0.07965088
0.07965088
0.07965088
0.07965088
0.07824707
0.07965088
0.17346191
0.18762207
0.07965088
0.07965088
0.07965088
0.07965088
0.07965088
0.08398438
0.17480469
0.16711426
0.07965088
0.07965088
0.07965088
0.07965088
0.09649658
0.08203125
0.19592285
0.22387695
0.07965088
0.07965088
0.07965088
0.07965088
0.10766602
0.11975098
0.23474121
0.18261719
0.07965088
0.12371826
0.15490723
0.23596191
0.08636475
0.11700439
0.07965088
0.07965088
0.10864258
0.10723877
0.30200195
0.28710938
0.15563965
0.14550781
0.07965088
0.07965088
0.09368896
0.12329102
0.29052734
0.28002930
0.09948730
0.07666016
0.07623291
0.11260986
0.13342285
0.09613037
0.28320312
0.00000000
0.07965088
0.07965088
0.11975098
0.09887695
0.07965088
0.07965088
0.27563477
0.26513672
0.07965088
0.07965088
0.07965088
0.07965088
0.07965088
0.07965088
0.28149414
0.26269531
0.07623291
0.12670898
0.07965088
0.07965088
0.09411621
0.11877441
0.26391602
0.22766113
0.24353027
0.27514648
0.07965088
0.07965088
0.11340332
0.10864258
0.26660156
0.25878906
0.25903320
0.24975586
0.07965088
0.07965088
0.07965088
0.07965088
0.14453125
0.09411621
0.15539551
0.14562988
0.09887695
0.12371826
0.07965088
0.07965088
0.07965088
0.07965088
0.13146973
0.15002441
0.10919189
0.11755371
0.07965088
0.07965088
0.07965088
0.07824707
0.14465332
0.13781738
0.14672852
0.14672852
0.07965088
0.07965088
0.10089111
0.11541748
0.11975098
0.16162109
0.14868164
0.15112305
0.15930176
0.20227051
0.07965088
0.07965088
0.07965088
0.07965088
0.07861328
0.07965088
0.26074219
0.29028320
0.09991455
0.15002441
0.07965088
0.07965088
0.07965088
0.09552002
0.28710938
0.28295898
0.13586426
0.10864258
0.07861328
0.09552002
0.10668945
0.11596680
0.27416992
0.28076172
0.10290527
0.08203125
0.12371826
0.09649658
0.10522461
0.10327148
0.31176758
0.29028320
0.07666016
0.07965088
0.07965088
0.07965088
0.07965088
0.07965088
0.28222656
0.29174805
0.07965088
0.07965088
0.07965088
0.07965088
0.07965088
0.07965088
0.24584961
0.21618652
0.07525635
0.09613037
0.07965088
0.07965088
0.07965088
0.07965088
0.23303223
0.27172852
0.22961426
0.26635742
0.07965088
0.07965088
0.07965088
0.07965088
0.09411621
0.13244629
0.08203125
0.07965088
0.15393066
0.16027832
0.15051270
0.24414062
0.13830566
0.08398438
0.08538818
0.08062744
0.14758301
0.17590332
0.27172852
0.27465820
0.07965088
0.07623291
0.10565186
0.13208008
0.17492676
0.18627930
0.29150391
0.27758789
0.10046387
0.15832520
0.15429688
0.16503906
0.20922852
0.25170898
0.27197266
0.27514648
0.07965088
0.07965088
0.07965088
0.07965088
0.12854004
0.10864258
0.18933105
0.18835449
0.07965088
0.07965088
0.08538818
0.07965088
0.10766602
0.08538818
0.20776367
0.20214844
0.07623291
0.07965088
0.07965088
0.07965088
0.09411621
0.11065674
0.20019531
0.21813965
0.08599854
0.11499023
0.08398438
0.11004639
0.15441895
0.16918945
0.18115234
0.20202637
0.17785645
0.13977051
0.07965088
0.07965088
0.07965088
0.07965088
0.09991455
0.10565186
0.10345459
0.07623291
0.07965088
0.07965088
0.07965088
0.07965088
0.13452148
0.09808350
0.08636475
0.10522461
0.07965088
0.07965088
0.07965088
0.07965088
0.07861328
0.07965088
0.12609863
0.14953613
0.07965088
0.07965088
0.07965088
0.08062744
0.08062744
0.14025879
0.23046875
0.20922852
0.26245117
0.23620605
0.22106934
0.26342773
0.07965088
0.07965088
0.16174316
0.10186768
0.22119141
0.18273926
0.25170898
0.29760742
0.07965088
0.07965088
0.07666016
0.12609863
0.18286133
0.22058105
0.29638672
0.30053711
0.07965088
0.07965088
0.21191406
0.23364258
0.20483398
0.18554688
0.29443359
0.29248047
0.07965088
0.07965088
0.07965088
0.07965088
0.18615723
0.15539551
0.27807617
0.25781250
0.17919922
0.17736816
0.08978271
0.08398438
0.13244629
0.08978271
0.19970703
0.18322754
0.18701172
0.15686035
0.07965088
0.07965088
0.13452148
0.14904785
0.18127441
0.19287109
0.15197754
0.13586426
0.07965088
0.09216309
0.15197754
0.13745117
0.20581055
0.24169922
0.12072754
0.10424805
0.07965088
0.07965088
0.07965088
0.07965088
0.12036133
0.09552002
0.17053223
0.19238281
0.08300781
0.07965088
0.07965088
0.07965088
0.08099365
0.07861328
0.19152832
0.15734863
0.07965088
0.07965088
0.07965088
0.07965088
0.07965088
0.07861328
0.11499023
0.15832520
0.07965088
0.07965088
0.07623291
0.07965088
0.08538818
0.10565186
0.20300293
0.21276855
0.30200195
0.30224609
0.22607422
0.27612305
0.07965088
0.07965088
0.07965088
0.07965088
0.27587891
0.21936035
0.31274414
0.34106445
0.07965088
0.07965088
0.07965088
0.07965088
0.17773438
0.17590332
0.31616211
0.30688477
0.07965088
0.07965088
0.07965088
0.07965088
0.21655273
0.23669434
0.29589844
0.31127930
0.07965088
0.07965088
0.07965088
0.08099365
0.23205566
0.24487305
0.25830078
0.23303223
0.08398438
0.07965088
0.00000000
0.08978271
0.18078613
0.10565186
0.21716309
0.21520996
0.08398438
0.08538818
0.14685059
0.10046387
0.14526367
0.15881348
0.24621582
0.27148438
0.09753418
0.11596680
0.07623291
0.07965088
0.16076660
0.16174316
0.30859375
0.29345703
0.13244629
0.14953613
0.07965088
0.07965088
0.07965088
0.07965088
0.10089111
0.08636475
0.21557617
0.19799805
0.34130859
0.30102539
0.07965088
0.07965088
0.07965088
0.07965088
0.17016602
0.16711426
0.29711914
0.26831055
0.07965088
0.07965088
0.07861328
0.08636475
0.15734863
0.16174316
0.23657227
0.20361328
0.08837891
0.09313965
0.13891602
0.19323730
0.15405273
0.14660645
0.16760254
0.23559570
0.28686523
0.32153320
0.07965088
0.07965088
0.07965088
0.07965088
0.27441406
0.26708984
0.32861328
0.34936523
0.07965088
0.07965088
0.07965088
0.07965088
0.16906738
0.17785645
0.32934570
0.35302734
0.07965088
0.07965088
0.07965088
0.07965088
0.20544434
0.21862793
0.33056641
0.32836914
0.07965088
0.07965088
0.07965088
0.07965088
0.20507812
0.18518066
0.26367188
0.27587891
0.07965088
0.07965088
0.00000000
0.00000000
0.07965088
0.07965088
0.31103516
0.30834961
0.08258057
0.11157227
0.14221191
0.11499023
0.07965088
0.07965088
0.32226562
0.32519531
0.12902832
0.14855957
0.07623291
0.07965088
0.07965088
0.07965088
0.30883789
0.31518555
0.16455078
0.19909668
0.07965088
0.07965088
0.07965088
0.07965088
0.07861328
0.07965088
0.15441895
0.15100098
0.33569336
0.34277344
0.31884766
0.28076172
0.07965088
0.07623291
0.12371826
0.08099365
0.33715820
0.32128906
0.34497070
0.35839844
0.09356689
0.11401367
0.09710693
0.17785645
0.29199219
0.28173828
0.36718750
0.37768555
0.14758301
0.16174316
0.24511719
0.29394531
0.22497559
0.14416504
0.37426758
0.34741211
0.07965088
0.07965088
0.07965088
0.07965088
0.26367188
0.23510742
0.30493164
0.30908203
0.07965088
0.07965088
0.07965088
0.07965088
0.21386719
0.27783203
0.31738281
0.32836914
0.07965088
0.07965088
0.07965088
0.07965088
0.28613281
0.26904297
0.35131836
0.34082031
0.07965088
0.07965088
0.08062744
0.07965088
0.26000977
0.23913574
0.30688477
0.32006836
0.08679199
0.12683105
0.30834961
0.00000000
0.07965088
0.07965088
0.07965088
0.08099365
0.16918945
0.21215820
0.00000000
0.12133789
0.07965088
0.07965088
0.08099365
0.07965088
0.24316406
0.25634766
0.07666016
0.07965088
0.07965088
0.07965088
0.10485840
0.14953613
0.28027344
0.29223633
0.07965088
0.07965088
0.07965088
0.07965088
0.14025879
0.14221191
0.13549805
0.12377930
0.33837891
0.32421875
0.30786133
0.32714844
0.07965088
0.07965088
0.13684082
0.14855957
0.34448242
0.32250977
0.30395508
0.30932617
0.07965088
0.07965088
0.20544434
0.25268555
0.34814453
0.31274414
0.37329102
0.38500977
0.07965088
0.07965088
0.29858398
0.30444336
0.30175781
0.25512695
0.37500000
0.35473633
0.07965088
0.07965088
0.07965088
0.07965088
0.16076660
0.26806641
0.31787109
0.33789062
0.26586914
0.26049805
0.07965088
0.07965088
0.29663086
0.30297852
0.33007812
0.33911133
0.22851562
0.23193359
0.07965088
0.09112549
0.31103516
0.28369141
0.32153320
0.32495117
0.27246094
0.28051758
0.08398438
0.09112549
0.27734375
0.29516602
0.30493164
0.31762695
0.27416992
0.27563477
0.33105469
0.32250977
0.07965088
0.07965088
0.08062744
0.07861328
0.23852539
0.23803711
0.00000000
0.00000000
0.07965088
0.07965088
0.08636475
0.12805176
0.22875977
0.23950195
0.08258057
0.07965088
0.07965088
0.07965088
0.14562988
0.15490723
0.25659180
0.27050781
0.07965088
0.07965088
0.07965088
0.07965088
0.13586426
0.12469482
0.30810547
0.35424805
0.31762695
0.32543945
0.33300781
0.33227539
0.07965088
0.07965088
0.07965088
0.07965088
0.32568359
0.33447266
0.34106445
0.37207031
0.07965088
0.07965088
0.07965088
0.07965088
0.32250977
0.34106445
0.37719727
0.35522461
0.07965088
0.07965088
0.07965088
0.08062744
0.33618164
0.31860352
0.37402344
0.36279297
0.07965088
0.07965088
0.07965088
0.07965088
0.08300781
0.08636475
0.07861328
0.08679199
0.20739746
0.16174316
0.13439941
0.11596680
0.08062744
0.07965088
0.10229492
0.10388184
0.14221191
0.19396973
0.11834717
0.12274170
0.07965088
0.07965088
0.09509277
0.07965088
0.20556641
0.18457031
0.09948730
0.09948730
0.07965088
0.07965088
0.07623291
0.07861328
0.17004395
0.15832520
0.10620117
0.13244629
0.07965088
0.07965088
0.07861328
0.07965088
0.07965088
0.07824707
0.08062744
0.08099365
0.07861328
0.08062744
0.08502197
0.11260986
0.09411621
0.12414551
0.08538818
0.09313965
0.12377930
0.09753418
0.12469482
0.11737061
0.13146973
0.12707520
0.17480469
0.23449707
0.08636475
0.08538818
0.14123535
0.19665527
0.09552002
0.08978271
0.22155762
0.26904297
0.12310791
0.11260986
0.14270020
0.08679199
0.12072754
0.14453125
0.07861328
0.08398438
0.07965088
0.07965088
0.19128418
0.28271484
0.15124512
0.11065674
0.08538818
0.07965088
0.07965088
0.07965088
0.27539062
0.27905273
0.08874512
0.08398438
0.07965088
0.07965088
0.08062744
0.08099365
0.28442383
0.28662109
0.08062744
0.07965088
0.07965088
0.07965088
0.07965088
0.07965088
0.17248535
0.17248535
0.08099365
0.08062744
0.07965088
0.07965088
0.08062744
0.08502197
0.11975098
0.19567871
0.08398438
0.08538818
0.07965088
0.07965088
0.08679199
0.10821533
0.23742676
0.21508789
0.09808350
0.10723877
0.07965088
0.07965088
0.13586426
0.13146973
0.20605469
0.21813965
0.08734131
0.07666016
0.08636475
0.08062744
0.07861328
0.07965088
0.07965088
0.07965088
0.09277344
0.09173584
0.11157227
0.09173584
0.09552002
0.12670898
0.07965088
0.07861328
0.10284424
0.13452148
0.11639404
0.11633301
0.15295410
0.17773438
0.08978271
0.14221191
0.17041016
0.14221191
0.11932373
0.09753418
0.17346191
0.14855957
0.13146973
0.09552002
0.15600586
0.18701172
0.12176514
0.10961914
0.12805176
0.09368896
0.08538818
0.09411621
0.07965088
0.08978271
0.07965088
0.07965088
0.11395264
0.16320801
0.09991455
0.12176514
0.08398438
0.07965088
0.07965088
0.07965088
0.26562500
0.29882812
0.11157227
0.08062744
0.07965088
0.07965088
0.07965088
0.08062744
0.28662109
0.28076172
0.07965088
0.07965088
0.07965088
0.07965088
0.11065674
0.13684082
0.20031738
0.15295410
0.07965088
0.07965088
0.07965088
0.07965088
0.07965088
0.08398438
0.13305664
0.20532227
0.08538818
0.08398438
0.07965088
0.07965088
0.07965088
0.07965088
0.24951172
0.22961426
0.08300781
0.07861328
0.07965088
0.07965088
0.08300781
0.08300781
0.23876953
0.22387695
0.08300781
0.08398438
0.07965088
0.07965088
0.07623291
0.07965088
0.10968018
0.11340332
0.16369629
0.16906738
0.18017578
0.17199707
0.08062744
0.09033203
0.10046387
0.07861328
0.18359375
0.19091797
0.13684082
0.11932373
0.10583496
0.09173584
0.07965088
0.07965088
0.18457031
0.18957520
0.10089111
0.10522461
0.15148926
0.23950195
0.07965088
0.10864258
0.20397949
0.18420410
0.12707520
0.12469482
0.29150391
0.29248047
0.07965088
0.07965088
0.07965088
0.07965088
0.09991455
0.08099365
0.13891602
0.13342285
0.07965088
0.07525635
0.07965088
0.07965088
0.07965088
0.07965088
0.18835449
0.24084473
0.11224365
0.16345215
0.07965088
0.07965088
0.07965088
0.07965088
0.26074219
0.25732422
0.14160156
0.09613037
0.07965088
0.07965088
0.08062744
0.08538818
0.25854492
0.26196289
0.11059570
0.09368896
0.00000000
0.09552002
0.07965088
0.07965088
0.08538818
0.08978271
0.07861328
0.07965088
0.07861328
0.07965088
0.07965088
0.07965088
0.12951660
0.15002441
0.07965088
0.07861328
0.07965088
0.07965088
0.07965088
0.07965088
0.14599609
0.07965088
0.09173584
0.15405273
0.07965088
0.07965088
0.07965088
0.07965088
0.07965088
0.07965088
0.12469482
0.14221191
0.23120117
0.21166992
0.20922852
0.14709473
0.07965088
0.07965088
0.16674805
0.16711426
0.20556641
0.16577148
0.10388184
0.11059570
0.07965088
0.07965088
0.15832520
0.15734863
0.11499023
0.09277344
0.13342285
0.16223145
0.07965088
0.07965088
0.16271973
0.18420410
0.11157227
0.07965088
0.24291992
0.28979492
0.11798096
0.14953613
0.07965088
0.07965088
0.11877441
0.09411621
0.20739746
0.26831055
0.16967773
0.14709473
0.07965088
0.07965088
0.07965088
0.07965088
0.28369141
0.29296875
0.11016846
0.07965088
0.07965088
0.07965088
0.07965088
0.07965088
0.30004883
0.31176758
0.07965088
0.07965088
0.07965088
0.07965088
0.07965088
0.07965088
0.25048828
0.26928711
0.07965088
0.07861328
0.00000000
0.00000000
0.07965088
0.07965088
0.08398438
0.09552002
0.10131836
0.10089111
0.07965088
0.07965088
0.07965088
0.07965088
0.10565186
0.09515381
0.11602783
0.10388184
0.07965088
0.07965088
0.07965088
0.07965088
0.12414551
0.13586426
0.11022949
0.11022949
0.07965088
0.07965088
0.07965088
0.07965088
0.12371826
0.08099365
0.10192871
0.10662842
0.27416992
0.29199219
0.19702148
0.14953613
0.07965088
0.07965088
0.07965088
0.07965088
0.23498535
0.16613770
0.12902832
0.10424805
0.07965088
0.07965088
0.07965088
0.07965088
0.11737061
0.13342285
0.12469482
0.20336914
0.07965088
0.07965088
0.07965088
0.07965088
0.13244629
0.15441895
0.25854492
0.27954102
0.07965088
0.07965088
0.08062744
0.07965088
0.15197754
0.16174316
0.19091797
0.21289062
0.27148438
0.25732422
0.27612305
0.00000000
0.14562988
0.14025879
0.23510742
0.27148438
0.25341797
0.20727539
0.00000000
0.07965088
0.10186768
0.08978271
0.29223633
0.28198242
0.15637207
0.08300781
0.07965088
0.07965088
0.08062744
0.07861328
0.28247070
0.28295898
0.07623291
0.07965088
0.07965088
0.07965088
0.11157227
0.07965088
0.07965088
0.09887695
0.17883301
0.17150879
0.18493652
0.12670898
0.07965088
0.07965088
0.09552002
0.07965088
0.16076660
0.15100098
0.09948730
0.15454102
0.07965088
0.07965088
0.08538818
0.09411621
0.15332031
0.16076660
0.22839355
0.25463867
0.07965088
0.07965088
0.14270020
0.13146973
0.13549805
0.11004639
0.21765137
0.19299316
0.14453125
0.14416504
0.07965088
0.07965088
0.07965088
0.07965088
0.14660645
0.15295410
0.12133789
0.12274170
0.07965088
0.07965088
0.07965088
0.07965088
0.17004395
0.16613770
0.13977051
0.20727539
0.07965088
0.07965088
0.07965088
0.07965088
0.16809082
0.14562988
0.26684570
0.26562500
0.07965088
0.07965088
0.09552002
0.08636475
0.12951660
0.10522461
0.20837402
0.21032715
0.19787598
0.22167969
0.28857422
0.27758789
0.07965088
0.07861328
0.19702148
0.17041016
0.24963379
0.25024414
0.00000000
0.00000000
0.08062744
0.07965088
0.14221191
0.11401367
0.22387695
0.18176270
0.07965088
0.07965088
0.07965088
0.07965088
0.11401367
0.11834717
0.19201660
0.18908691
0.07965088
0.07965088
0.07965088
0.07965088
0.07965088
0.07965088
0.12512207
0.14855957
0.26513672
0.27856445
0.11737061
0.14416504
0.10229492
0.12371826
0.17346191
0.21044922
0.28662109
0.30444336
0.12902832
0.15112305
0.10247803
0.11877441
0.25073242
0.24829102
0.30346680
0.27954102
0.21459961
0.25952148
0.11639404
0.09075928
0.20104980
0.16809082
0.25292969
0.21044922
0.25415039
0.30053711
0.07965088
0.07965088
0.09277344
0.08398438
0.11340332
0.15063477
0.23706055
0.25268555
0.07965088
0.07965088
0.08300781
0.07965088
0.21447754
0.22705078
0.26513672
0.27880859
0.07965088
0.07965088
0.07965088
0.07965088
0.21484375
0.19494629
0.30786133
0.26904297
0.07965088
0.07965088
0.07965088
0.07965088
0.18420410
0.11401367
0.25903320
0.24145508
0.22741699
0.22302246
0.30981445
0.28173828
0.07965088
0.07965088
0.10046387
0.10424805
0.22253418
0.19396973
0.27856445
0.00000000
0.07965088
0.07965088
0.08160400
0.11358643
0.16662598
0.13781738
0.00000000
0.07623291
0.07965088
0.07965088
0.11199951
0.10186768
0.12670898
0.10388184
0.11297607
0.11260986
0.07965088
0.07965088
0.08062744
0.07965088
0.18957520
0.18798828
0.31738281
0.32910156
0.15148926
0.15393066
0.07965088
0.07965088
0.19299316
0.19738770
0.33447266
0.32348633
0.17395020
0.19055176
0.07965088
0.07965088
0.17346191
0.15832520
0.32250977
0.29760742
0.22607422
0.29687500
0.07965088
0.07965088
0.16174316
0.17456055
0.29443359
0.28637695
0.30395508
0.35766602
0.07965088
0.07965088
0.11065674
0.09851074
0.18554688
0.14318848
0.15063477
0.16174316
0.21838379
0.12768555
0.07623291
0.07965088
0.15832520
0.23950195
0.16271973
0.17285156
0.09075928
0.07666016
0.07965088
0.07965088
0.25463867
0.27685547
0.19299316
0.20886230
0.07623291
0.07965088
0.07965088
0.07965088
0.22595215
0.13781738
0.22692871
0.25683594
0.07965088
0.08398438
0.31860352
0.29248047
0.07965088
0.07965088
0.07965088
0.07861328
0.18212891
0.14660645
0.29345703
0.28613281
0.07965088
0.07965088
0.08874512
0.09411621
0.15295410
0.16174316
0.00000000
0.00000000
0.07965088
0.07965088
0.09753418
0.08062744
0.16613770
0.18225098
0.11444092
0.12176514
0.07965088
0.07965088
0.07861328
0.07965088
0.17248535
0.13146973
0.31713867
0.31469727
0.25073242
0.31152344
0.07965088
0.07965088
0.07965088
0.07965088
0.32885742
0.34008789
0.29199219
0.29687500
0.07965088
0.07965088
0.07965088
0.07965088
0.34033203
0.33471680
0.31445312
0.27905273
0.07965088
0.07965088
0.07965088
0.07965088
0.31811523
0.30053711
0.32910156
0.35253906
0.07965088
0.07965088
0.07965088
0.07965088
0.16137695
0.19824219
0.28833008
0.28979492
0.07666016
0.07623291
0.36132812
0.31567383
0.20751953
0.16076660
0.30053711
0.28930664
0.07965088
0.07965088
0.31469727
0.31567383
0.22937012
0.25659180
0.29907227
0.29516602
0.07861328
0.07623291
0.29589844
0.00000000
0.21484375
0.21923828
0.30346680
0.31005859
0.07763672
0.10388184
0.00000000
0.14697266
0.07965088
0.07965088
0.07965088
0.07965088
0.19726562
0.17248535
0.32250977
0.33276367
0.07965088
0.07965088
0.07965088
0.07965088
0.16369629
0.15295410
0.31835938
0.32495117
0.07965088
0.07965088
0.07965088
0.07965088
0.10522461
0.08978271
0.33471680
0.32641602
0.07965088
0.07965088
0.07965088
0.07965088
0.09112549
0.07965088
0.35302734
0.33276367
0.29907227
0.28002930
0.07965088
0.07965088
0.07965088
0.07965088
0.15832520
0.19970703
0.29003906
0.32177734
0.07965088
0.07965088
0.07965088
0.07965088
0.20922852
0.18127441
0.34057617
0.30688477
0.07965088
0.07965088
0.07965088
0.07965088
0.16613770
0.22363281
0.28857422
0.32373047
0.07965088
0.07965088
0.07965088
0.07965088
0.22265625
0.27050781
0.30859375
0.31250000
0.18041992
0.14672852
0.36962891
0.33447266
0.07965088
0.07965088
0.31469727
0.33935547
0.12091064
0.11218262
0.36816406
0.35083008
0.07965088
0.07965088
0.32568359
0.31762695
0.15112305
0.18981934
0.33300781
0.30639648
0.07965088
0.07965088
0.32666016
0.33325195
0.22985840
0.23522949
0.00000000
0.00000000
0.07965088
0.07965088
0.07965088
0.10150146
0.27832031
0.25097656
0.32080078
0.29125977
0.29150391
0.30419922
0.12231445
0.08978271
0.25048828
0.23254395
0.32983398
0.33056641
0.30249023
0.32470703
0.07965088
0.07965088
0.20739746
0.18957520
0.32250977
0.34082031
0.32421875
0.32812500
0.08538818
0.10229492
0.19628906
0.21435547
0.30957031
0.32763672
0.33496094
0.34545898
0.07965088
0.07965088
0.07965088
0.07965088
0.13146973
0.15295410
0.33984375
0.33837891
0.07965088
0.07965088
0.07965088
0.07965088
0.19665527
0.21557617
0.34936523
0.33642578
0.07965088
0.07965088
0.07965088
0.07965088
0.20104980
0.22192383
0.33715820
0.33715820
0.07965088
0.07965088
0.07965088
0.07965088
0.32104492
0.33374023
0.31665039
0.31054688
0.28833008
0.22192383
0.35180664
0.32763672
0.07965088
0.07965088
0.07965088
0.08538818
0.21936035
0.27612305
0.35473633
0.34326172
0.08099365
0.08300781
0.08099365
0.08398438
0.27685547
0.28198242
0.34399414
0.32373047
0.07965088
0.07965088
0.08538818
0.07861328
0.25561523
0.23352051
0.32617188
0.00000000
0.07965088
0.07965088
0.07666016
0.08203125
0.07965088
0.00000000
0.07965088
0.00000000
0.14855957
0.00000000
0.16223145
0.00000000
0.00000000
0.00000000
0.00000000
0.00000000
0.00000000
0.00000000
0.00000000
0.00000000
0.00000000
0.00000000
0.00000000
0.00000000
0.00000000
0.00000000
0.00000000
0.00000000
0.00000000
0.00000000
0.00000000
0.00000000
0.00000000
0.00000000
0.00000000
0.00000000
0.10485840
0.00000000
0.22827148
0.00000000
0.12176514
0.00000000
0.26708984
0.00000000
0.00000000
0.00000000
0.00000000
0.00000000
0.00000000
0.00000000
0.00000000
0.00000000
0.00000000
0.00000000
0.00000000
0.00000000
0.00000000
0.00000000
0.00000000
0.00000000
0.00000000
0.00000000
0.00000000
0.00000000
0.00000000
0.00000000
0.00000000
0.00000000
0.08300781
0.00000000
0.29296875
0.00000000
0.07965088
0.00000000
0.07965088
0.00000000
0.00000000
0.00000000
0.00000000
0.00000000
0.00000000
0.00000000
0.00000000
0.00000000
0.00000000
0.00000000
0.00000000
0.00000000
0.00000000
0.00000000
0.00000000
0.00000000
0.00000000
0.00000000
0.00000000
0.00000000
0.00000000
0.00000000
0.00000000
0.00000000
0.12707520
0.00000000
0.20593262
0.00000000
0.08734131
0.00000000
0.07965088
0.00000000
0.00000000
0.00000000
0.00000000
0.00000000
0.00000000
0.00000000
0.00000000
0.00000000
0.00000000
0.00000000
0.00000000
0.00000000
0.00000000
0.00000000
0.00000000
0.00000000
0.00000000
0.00000000
0.00000000
0.00000000
0.00000000
0.00000000
0.00000000
0.00000000
0.11596680
0.00000000
0.07965088
0.00000000
0.19873047
0.00000000
0.12609863
0.00000000
0.00000000
0.00000000
0.00000000
0.00000000
0.00000000
0.00000000
0.00000000
0.00000000
0.00000000
0.00000000
0.00000000
0.00000000
0.00000000
0.00000000
0.00000000
0.00000000
0.00000000
0.00000000
0.00000000
0.00000000
0.00000000
0.00000000
0.00000000
0.00000000
0.27636719
0.00000000
0.07965088
0.00000000
0.07965088
0.00000000
0.14904785
0.00000000
0.00000000
0.00000000
0.00000000
0.00000000
0.00000000
0.00000000
0.00000000
0.00000000
0.00000000
0.00000000
0.00000000
0.00000000
0.00000000
0.00000000
0.00000000
0.00000000
0.00000000
0.00000000
0.00000000
0.00000000
0.00000000
0.00000000
0.00000000
0.00000000
0.24707031
0.00000000
0.09033203
0.00000000
0.07965088
0.00000000
0.07965088
0.00000000
0.00000000
0.00000000
0.00000000
0.00000000
0.00000000
0.00000000
0.00000000
0.00000000
0.00000000
0.00000000
0.00000000
0.00000000
0.00000000
0.00000000
0.00000000
0.00000000
0.00000000
0.00000000
0.00000000
0.00000000
0.00000000
0.00000000
0.00000000
0.00000000
0.11157227
0.00000000
0.18078613
0.00000000
0.11798096
0.00000000
0.28417969
0.00000000
0.00000000
0.00000000
0.00000000
0.00000000
0.00000000
0.00000000
0.00000000
0.00000000
0.00000000
0.00000000
0.00000000
0.00000000
0.00000000
0.00000000
0.00000000
0.00000000
0.00000000
0.00000000
0.00000000
0.00000000
0.00000000
0.00000000
0.00000000
0.00000000
0.07623291
0.00000000
0.07861328
0.00000000
0.08538818
0.00000000
0.27221680
0.00000000
0.00000000
0.00000000
0.00000000
0.00000000
0.00000000
0.00000000
0.00000000
0.00000000
0.00000000
0.00000000
0.00000000
0.00000000
0.00000000
0.00000000
0.00000000
0.00000000
0.00000000
0.00000000
0.00000000
0.00000000
0.00000000
0.00000000
0.00000000
0.00000000
0.21875000
0.00000000
0.07965088
0.00000000
0.07965088
0.00000000
0.07965088
0.00000000
0.00000000
0.00000000
0.00000000
0.00000000
0.00000000
0.00000000
0.00000000
0.00000000
0.00000000
0.00000000
0.00000000
0.00000000
0.00000000
0.00000000
0.00000000
0.00000000
0.00000000
0.00000000
0.00000000
0.00000000
0.00000000
0.00000000
0.00000000
0.00000000
0.16711426
0.00000000
0.10284424
0.00000000
0.29077148
0.00000000
0.13586426
0.00000000
0.00000000
0.00000000
0.00000000
0.00000000
0.00000000
0.00000000
0.00000000
0.00000000
0.00000000
0.00000000
0.00000000
0.00000000
0.00000000
0.00000000
0.00000000
0.00000000
0.00000000
0.00000000
0.00000000
0.00000000
0.00000000
0.00000000
0.00000000
0.00000000
0.07965088
0.00000000
0.07965088
0.00000000
0.26708984
0.00000000
0.08734131
0.00000000
0.00000000
0.00000000
0.00000000
0.00000000
0.00000000
0.00000000
0.00000000
0.00000000
0.00000000
0.00000000
0.00000000
0.00000000
0.00000000
0.00000000
0.00000000
0.00000000
0.00000000
0.00000000
0.00000000
0.00000000
0.00000000
0.00000000
0.00000000
0.00000000
0.07965088
0.00000000
0.07965088
0.00000000
0.07965088
0.00000000
0.10089111
0.00000000
0.00000000
0.00000000
0.00000000
0.00000000
0.00000000
0.00000000
0.00000000
0.00000000
0.00000000
0.00000000
0.00000000
0.00000000
0.00000000
0.00000000
0.00000000
0.00000000
0.00000000
0.00000000
0.00000000
0.00000000
0.00000000
0.00000000
0.00000000
0.00000000
0.16857910
0.00000000
0.29541016
0.00000000
0.10046387
0.00000000
0.07965088
0.00000000
0.00000000
0.00000000
0.00000000
0.00000000
0.00000000
0.00000000
0.00000000
0.00000000
0.00000000
0.00000000
0.00000000
0.00000000
0.00000000
0.00000000
0.00000000
0.00000000
0.00000000
0.00000000
0.00000000
0.00000000
0.00000000
0.00000000
0.00000000
0.00000000
0.10662842
0.00000000
0.24621582
0.00000000
0.07965088
0.00000000
0.07965088
0.00000000
0.00000000
0.00000000
0.00000000
0.00000000
0.00000000
0.00000000
0.00000000
0.00000000
0.00000000
0.00000000
0.00000000
0.00000000
0.00000000
0.00000000
0.00000000
0.00000000
0.00000000
0.00000000
0.00000000
0.00000000
0.00000000
0.00000000
0.00000000
0.00000000
0.07965088
0.00000000
0.08062744
0.00000000
0.07666016
0.00000000
0.18762207
0.00000000
0.00000000
0.00000000
0.00000000
0.00000000
0.00000000
0.00000000
0.00000000
0.00000000
0.00000000
0.00000000
0.00000000
0.00000000
0.00000000
0.00000000
0.00000000
0.00000000
0.00000000
0.00000000
0.00000000
0.00000000
0.00000000
0.00000000
0.00000000
0.00000000
0.28710938
0.00000000
0.07965088
0.00000000
0.07965088
0.00000000
0.11303711
0.00000000
0.00000000
0.00000000
0.00000000
0.00000000
0.00000000
0.00000000
0.00000000
0.00000000
0.00000000
0.00000000
0.00000000
0.00000000
0.00000000
0.00000000
0.00000000
0.00000000
0.00000000
0.00000000
0.00000000
0.00000000
0.00000000
0.00000000
0.00000000
0.00000000
0.13342285
0.00000000
0.11895752
0.00000000
0.07965088
0.00000000
0.07965088
0.00000000
0.00000000
0.00000000
0.00000000
0.00000000
0.00000000
0.00000000
0.00000000
0.00000000
0.00000000
0.00000000
0.00000000
0.00000000
0.00000000
0.00000000
0.00000000
0.00000000
0.00000000
0.00000000
0.00000000
0.00000000
0.00000000
0.00000000
0.00000000
0.00000000
0.07861328
0.00000000
0.08978271
0.00000000
0.17333984
0.00000000
0.30737305
0.00000000
0.00000000
0.00000000
0.00000000
0.00000000
0.00000000
0.00000000
0.00000000
0.00000000
0.00000000
0.00000000
0.00000000
0.00000000
0.00000000
0.00000000
0.00000000
0.00000000
0.00000000
0.00000000
0.00000000
0.00000000
0.00000000
0.00000000
0.00000000
0.00000000
0.07965088
0.00000000
0.07965088
0.00000000
0.11401367
0.00000000
0.24523926
0.00000000
0.00000000
0.00000000
0.00000000
0.00000000
0.00000000
0.00000000
0.00000000
0.00000000
0.00000000
0.00000000
0.00000000
0.00000000
0.00000000
0.00000000
0.00000000
0.00000000
0.00000000
0.00000000
0.00000000
0.00000000
0.00000000
0.00000000
0.00000000
0.00000000
0.11157227
0.00000000
0.07623291
0.00000000
0.07965088
0.00000000
0.07965088
0.00000000
0.00000000
0.00000000
0.00000000
0.00000000
0.00000000
0.00000000
0.00000000
0.00000000
0.00000000
0.00000000
0.00000000
0.00000000
0.00000000
0.00000000
0.00000000
0.00000000
0.00000000
0.00000000
0.00000000
0.00000000
0.00000000
0.00000000
0.00000000
0.00000000
0.16809082
0.00000000
0.23803711
0.00000000
0.34497070
0.00000000
0.07965088
0.00000000
0.00000000
0.00000000
0.00000000
0.00000000
0.00000000
0.00000000
0.00000000
0.00000000
0.00000000
0.00000000
0.00000000
0.00000000
0.00000000
0.00000000
0.00000000
0.00000000
0.00000000
0.00000000
0.00000000
0.00000000
0.00000000
0.00000000
0.00000000
0.00000000
0.07965088
0.00000000
0.16613770
0.00000000
0.28247070
0.00000000
0.09948730
0.00000000
0.00000000
0.00000000
0.00000000
0.00000000
0.00000000
0.00000000
0.00000000
0.00000000
0.00000000
0.00000000
0.00000000
0.00000000
0.00000000
0.00000000
0.00000000
0.00000000
0.00000000
0.00000000
0.00000000
0.00000000
0.00000000
0.00000000
0.00000000
0.00000000
0.08062744
0.00000000
0.07965088
0.00000000
0.07965088
0.00000000
0.09753418
0.00000000
0.00000000
0.00000000
0.00000000
0.00000000
0.00000000
0.00000000
0.00000000
0.00000000
0.00000000
0.00000000
0.00000000
0.00000000
0.00000000
0.00000000
0.00000000
0.00000000
0.00000000
0.00000000
0.00000000
0.00000000
0.00000000
0.00000000
0.00000000
0.00000000
0.29809570
0.00000000
0.33447266
0.00000000
0.07965088
0.00000000
0.07965088
0.00000000
0.00000000
0.00000000
0.00000000
0.00000000
0.00000000
0.00000000
0.00000000
0.00000000
0.00000000
0.00000000
0.00000000
0.00000000
0.00000000
0.00000000
0.00000000
0.00000000
0.00000000
0.00000000
0.00000000
0.00000000
0.00000000
0.00000000
0.00000000
0.00000000
0.25366211
0.00000000
0.33740234
0.00000000
0.13635254
0.00000000
0.09509277
0.00000000
0.00000000
0.00000000
0.00000000
0.00000000
0.00000000
0.00000000
0.00000000
0.00000000
0.00000000
0.00000000
0.00000000
0.00000000
0.00000000
0.00000000
0.00000000
0.00000000
0.00000000
0.00000000
0.00000000
0.00000000
0.00000000
0.00000000
0.00000000
0.00000000
0.07965088
0.00000000
0.09991455
0.00000000
0.12237549
0.00000000
0.32275391
0.00000000
0.00000000
0.00000000
0.00000000
0.00000000
0.00000000
0.00000000
0.00000000
0.00000000
0.00000000
0.00000000
0.00000000
0.00000000
0.00000000
0.00000000
0.00000000
0.00000000
0.00000000
0.00000000
0.00000000
0.00000000
0.00000000
0.00000000
0.00000000
0.00000000
0.34790039
0.00000000
0.07965088
0.00000000
0.07965088
0.00000000
0.28295898
0.00000000
0.00000000
0.00000000
0.00000000
0.00000000
0.00000000
0.00000000
0.00000000
0.00000000
0.00000000
0.00000000
0.00000000
0.00000000
0.00000000
0.00000000
0.00000000
0.00000000
0.00000000
0.00000000
0.00000000
0.00000000
0.00000000
0.00000000
0.00000000
0.00000000
0.34399414
0.00000000
0.24853516
0.00000000
0.10583496
0.00000000
0.07965088
0.00000000
0.00000000
0.00000000
0.00000000
0.00000000
0.00000000
0.00000000
0.00000000
0.00000000
0.00000000
0.00000000
0.00000000
0.00000000
0.00000000
0.00000000
0.00000000
0.00000000
0.00000000
0.00000000
0.00000000
0.00000000
0.00000000
0.00000000
0.00000000
0.00000000
0.10528564
0.00000000
0.23706055
0.00000000
0.33032227
0.00000000
0.35595703
0.00000000
0.00000000
0.00000000
0.00000000
0.00000000
0.00000000
0.00000000
0.00000000
0.00000000
0.00000000
0.00000000
0.00000000
0.00000000
0.00000000
0.00000000
0.00000000
0.00000000
0.00000000
0.00000000
0.00000000
0.00000000
0.00000000
0.00000000
0.00000000
0.00000000
0.07965088
0.00000000
0.08062744
0.00000000
0.32519531
0.00000000
0.33081055
0.00000000
0.00000000
0.00000000
0.00000000
0.00000000
0.00000000
0.00000000
0.00000000
0.00000000
0.00000000
0.00000000
0.00000000
0.00000000
0.00000000
0.00000000
0.00000000
0.00000000
0.00000000
0.00000000
0.00000000
0.00000000
0.00000000
0.00000000
0.00000000
0.00000000
0.26098633
0.00000000
0.00000000
0.00000000
0.07965088
0.00000000
0.11932373
0.00000000
0.00000000
0.00000000
0.00000000
0.00000000
0.00000000
0.00000000
0.00000000
0.00000000
0.00000000
0.00000000
0.00000000
0.00000000
0.00000000
0.00000000
0.00000000
0.00000000
0.00000000
0.00000000
0.00000000
0.00000000
0.00000000
0.00000000
0.00000000
0.00000000
