0.47607422
0.44555664
0.50976562
0.49121094
0.29028320
0.33837891
0.79345703
0.80273438
0.48071289
0.47387695
0.46997070
0.45678711
0.36157227
0.35693359
0.85009766
0.84814453
0.49243164
0.51074219
0.44238281
0.41113281
0.42260742
0.45605469
0.88085938
0.88769531
0.51269531
0.52636719
0.39672852
0.42358398
0.49780273
0.52539062
0.89208984
0.91064453
0.00000000
0.00000000
0.00000000
0.00000000
0.00000000
0.00000000
0.00000000
0.00000000
0.00000000
0.00000000
0.00000000
0.00000000
0.00000000
0.00000000
0.00000000
0.00000000
0.00000000
0.00000000
0.00000000
0.00000000
0.00000000
0.00000000
0.00000000
0.00000000
0.00000000
0.00000000
0.00000000
0.00000000
0.00000000
0.00000000
0.00000000
0.00000000
0.00000000
0.00000000
0.00000000
0.00000000
0.15002441
0.13781738
0.16638184
0.15197754
0.00000000
0.00000000
0.00000000
0.00000000
0.14953613
0.12951660
0.15051270
0.13684082
0.00000000
0.00000000
0.00000000
0.00000000
0.11499023
0.08538818
0.12609863
0.13391113
0.00000000
0.00000000
0.00000000
0.00000000
0.12036133
0.12176514
0.15539551
0.15539551
0.13342285
0.15197754
0.07965088
0.07965088
0.07965088
0.07965088
0.09075928
0.07965088
0.15930176
0.15063477
0.07965088
0.07965088
0.07965088
0.07965088
0.08978271
0.10662842
0.18359375
0.16174316
0.07965088
0.07965088
0.07965088
0.07965088
0.09991455
0.08099365
0.21752930
0.15966797
0.07965088
0.09411621
0.07965088
0.07904053
0.09112549
0.08636475
0.07965088
0.07861328
0.11779785
0.09216309
0.11737061
0.08734131
0.07965088
0.07965088
0.09277344
0.15832520
0.07861328
0.07525635
0.10089111
0.11199951
0.07965088
0.07965088
0.15429688
0.13879395
0.13012695
0.18493652
0.08062744
0.07965088
0.07965088
0.07965088
0.17443848
0.19873047
0.13586426
0.11743164
0.07965088
0.07965088
0.07965088
0.07965088
0.18627930
0.28857422
0.10864258
0.12756348
0.24951172
0.24853516
0.13781738
0.13049316
0.29882812
0.31127930
0.12512207
0.11065674
0.24072266
0.22631836
0.22192383
0.17480469
0.34204102
0.35107422
0.12915039
0.09075928
0.20971680
0.16699219
0.14758301
0.15295410
0.35449219
0.34936523
0.09411621
0.11834717
0.16076660
0.14221191
0.13781738
0.19128418
0.07965088
0.07965088
0.07965088
0.07965088
0.11297607
0.13378906
0.09216309
0.07965088
0.07965088
0.07965088
0.07965088
0.07965088
0.10723877
0.08734131
0.09112549
0.10565186
0.07965088
0.07965088
0.07965088
0.07965088
0.10522461
0.09655762
0.10961914
0.13208008
0.07965088
0.07965088
0.07965088
0.07965088
0.11065674
0.15136719
0.13146973
0.14221191
0.13244629
0.10821533
0.08203125
0.11199951
0.09112549
0.07965088
0.28417969
0.21276855
0.10961914
0.07965088
0.11499023
0.12274170
0.07965088
0.07965088
0.26293945
0.29370117
0.07189941
0.15393066
0.09075928
0.07965088
0.07965088
0.07965088
0.33813477
0.32470703
0.32592773
0.16772461
0.07965088
0.07965088
0.07965088
0.07965088
0.32543945
0.32739258
0.11297607
0.09552002
0.13342285
0.11798096
0.15295410
0.12414551
0.07965088
0.07965088
0.09790039
0.10186768
0.13208008
0.13305664
0.17822266
0.20849609
0.07965088
0.07965088
0.07965088
0.08398438
0.13073730
0.17248535
0.12176514
0.12371826
0.07965088
0.07965088
0.14184570
0.14453125
0.19372559
0.23547363
0.12115479
0.13818359
0.07965088
0.07965088
0.07965088
0.07965088
0.00000000
0.15136719
0.07965088
0.07965088
0.17382812
0.15637207
0.07965088
0.07965088
0.11834717
0.10821533
0.07965088
0.07824707
0.13342285
0.11102295
0.07965088
0.07965088
0.08978271
0.09216309
0.08874512
0.10424805
0.08874512
0.07623291
0.07965088
0.07965088
0.08636475
0.09411621
0.08300781
0.07965088
0.13012695
0.22595215
0.08300781
0.08062744
0.07965088
0.07965088
0.24804688
0.23229980
0.07763672
0.08099365
0.08300781
0.10424805
0.08538818
0.07965088
0.21325684
0.27197266
0.09948730
0.08300781
0.12915039
0.08978271
0.07965088
0.07965088
0.30200195
0.34545898
0.08978271
0.13452148
0.08300781
0.07861328
0.07965088
0.07965088
0.32104492
0.30566406
0.13928223
0.11737061
0.10626221
0.11737061
0.15930176
0.18078613
0.07965088
0.07965088
0.07965088
0.07965088
0.12915039
0.11700439
0.14318848
0.16271973
0.07965088
0.07965088
0.07965088
0.07965088
0.12573242
0.12915039
0.11102295
0.08099365
0.07965088
0.07965088
0.07965088
0.07965088
0.11242676
0.09851074
0.07861328
0.07965088
0.07965088
0.07965088
0.07965088
0.07965088
0.00000000
0.00000000
0.08636475
0.07965088
0.11798096
0.17773438
0.07965088
0.07965088
0.15661621
0.20300293
0.07965088
0.08062744
0.17541504
0.19396973
0.07861328
0.09509277
0.17919922
0.17272949
0.08062744
0.08398438
0.14123535
0.11596680
0.10723877
0.12091064
0.17077637
0.15563965
0.13183594
0.13818359
0.12951660
0.17675781
0.12036133
0.10290527
0.07965088
0.07965088
0.24926758
0.26245117
0.15539551
0.15637207
0.14953613
0.14953613
0.07965088
0.07965088
0.18823242
0.24157715
0.16979980
0.11260986
0.13342285
0.13146973
0.07965088
0.07965088
0.30957031
0.31176758
0.09851074
0.07965088
0.12371826
0.14758301
0.07965088
0.07965088
0.28198242
0.29736328
0.07623291
0.07763672
0.14086914
0.14123535
0.15539551
0.19531250
0.14758301
0.10961914
0.07965088
0.07965088
0.31884766
0.00000000
0.14221191
0.08679199
0.08099365
0.08099365
0.07965088
0.07965088
0.00000000
0.14025879
0.11541748
0.08636475
0.08734131
0.08837891
0.07965088
0.07965088
0.12573242
0.16271973
0.07965088
0.07965088
0.07965088
0.07965088
0.07965088
0.07965088
0.22827148
0.15710449
0.09613037
0.10186768
0.14660645
0.14318848
0.07965088
0.07965088
0.07965088
0.07965088
0.12133789
0.13513184
0.10626221
0.12274170
0.07965088
0.07965088
0.07965088
0.07965088
0.12573242
0.12432861
0.16271973
0.19897461
0.07861328
0.08099365
0.07965088
0.07965088
0.14660645
0.13281250
0.18957520
0.15930176
0.12176514
0.15295410
0.07965088
0.07965088
0.26635742
0.22021484
0.08837891
0.07666016
0.14562988
0.09844971
0.16369629
0.15197754
0.13146973
0.18920898
0.08062744
0.09075928
0.10290527
0.12469482
0.16369629
0.15100098
0.28930664
0.30004883
0.07861328
0.07965088
0.13781738
0.12377930
0.08062744
0.07965088
0.29687500
0.33959961
0.07965088
0.07861328
0.09552002
0.08099365
0.07965088
0.07965088
0.13049316
0.13342285
0.07965088
0.07965088
0.30859375
0.32934570
0.18603516
0.19042969
0.15637207
0.14758301
0.07965088
0.07965088
0.00000000
0.00000000
0.18664551
0.21130371
0.12805176
0.10089111
0.07965088
0.07965088
0.15100098
0.20678711
0.20788574
0.21020508
0.08203125
0.07861328
0.07965088
0.07965088
0.19763184
0.15393066
0.22729492
0.27197266
0.11779785
0.11260986
0.07965088
0.07965088
0.07965088
0.07965088
0.19458008
0.09173584
0.12274170
0.11932373
0.07965088
0.07965088
0.07965088
0.07965088
0.12231445
0.24072266
0.13781738
0.12951660
0.07965088
0.07965088
0.07965088
0.07965088
0.29956055
0.30981445
0.13049316
0.16845703
0.07965088
0.12817383
0.07965088
0.07965088
0.29101562
0.29248047
0.10290527
0.09552002
0.13891602
0.16210938
0.12609863
0.12414551
0.16125488
0.15930176
0.11065674
0.11004639
0.17382812
0.16369629
0.14025879
0.14416504
0.15869141
0.16442871
0.08062744
0.07965088
0.15734863
0.15295410
0.14428711
0.08398438
0.14660645
0.12176514
0.07965088
0.07965088
0.13488770
0.12707520
0.07965088
0.07965088
0.12707520
0.12408447
0.07965088
0.08398438
0.29003906
0.31103516
0.07965088
0.09753418
0.10229492
0.08538818
0.10327148
0.11596680
0.31250000
0.00000000
0.10479736
0.13891602
0.09655762
0.12274170
0.12371826
0.11254883
0.00000000
0.19689941
0.15795898
0.15197754
0.12512207
0.09887695
0.09710693
0.07965088
0.16906738
0.15197754
0.18151855
0.16015625
0.11401367
0.13488770
0.07965088
0.07965088
0.07965088
0.07965088
0.07525635
0.08099365
0.18249512
0.19262695
0.07965088
0.07965088
0.07965088
0.07965088
0.18139648
0.28515625
0.12609863
0.07623291
0.07965088
0.07965088
0.07965088
0.07965088
0.28515625
0.28320312
0.07861328
0.07965088
0.07965088
0.07965088
0.07965088
0.07965088
0.28173828
0.29711914
0.07965088
0.07965088
0.21362305
0.19409180
0.16271973
0.13049316
0.16271973
0.17541504
0.07965088
0.07861328
0.21313477
0.17785645
0.08062744
0.08636475
0.17810059
0.15734863
0.08538818
0.12573242
0.13549805
0.10485840
0.12176514
0.12176514
0.17187500
0.14501953
0.14514160
0.14916992
0.08435059
0.08398438
0.09313965
0.07965088
0.11541748
0.11932373
0.15283203
0.15759277
0.29248047
0.30932617
0.07965088
0.07965088
0.08978271
0.10766602
0.07965088
0.07965088
0.28417969
0.29150391
0.12274170
0.12805176
0.12646484
0.12512207
0.07965088
0.07965088
0.00000000
0.00000000
0.07965088
0.08538818
0.11541748
0.08062744
0.07965088
0.08398438
0.24511719
0.21020508
0.09991455
0.09613037
0.08099365
0.08538818
0.09411621
0.07965088
0.07965088
0.07965088
0.12866211
0.12286377
0.19287109
0.17431641
0.14086914
0.17346191
0.07965088
0.07965088
0.08538818
0.08978271
0.15869141
0.17187500
0.14855957
0.10522461
0.07965088
0.07965088
0.15441895
0.26464844
0.12866211
0.07861328
0.08599854
0.08062744
0.07965088
0.07965088
0.29492188
0.28417969
0.07861328
0.08099365
0.08538818
0.08398438
0.13684082
0.16442871
0.19726562
0.20642090
0.08398438
0.07965088
0.28173828
0.28613281
0.16003418
0.10186768
0.17077637
0.18090820
0.07861328
0.07965088
0.29931641
0.29638672
0.07965088
0.07824707
0.15527344
0.14660645
0.07965088
0.07965088
0.30126953
0.00000000
0.09655762
0.10424805
0.15100098
0.12951660
0.07965088
0.07861328
0.00000000
0.20446777
0.07965088
0.08062744
0.07965088
0.07965088
0.07965088
0.07965088
0.10424805
0.09692383
0.07965088
0.07965088
0.07965088
0.07965088
0.07965088
0.07965088
0.09991455
0.08978271
0.08099365
0.08837891
0.09887695
0.11401367
0.07965088
0.07965088
0.07965088
0.07965088
0.07965088
0.08300781
0.09075928
0.09075928
0.08538818
0.11639404
0.07965088
0.07965088
0.18664551
0.18469238
0.15002441
0.12707520
0.12176514
0.15832520
0.12951660
0.11541748
0.20825195
0.23107910
0.11499023
0.13012695
0.16809082
0.13928223
0.14501953
0.17199707
0.18383789
0.09411621
0.13928223
0.16015625
0.10424805
0.07965088
0.12915039
0.07965088
0.08343506
0.18933105
0.15539551
0.11065674
0.07824707
0.08398438
0.07965088
0.07861328
0.14123535
0.17883301
0.07965088
0.07666016
0.26855469
0.27319336
0.09552002
0.08398438
0.18762207
0.19775391
0.09313965
0.13244629
0.28710938
0.29003906
0.07965088
0.07965088
0.16271973
0.17578125
0.12133789
0.09753418
0.29931641
0.31298828
0.07965088
0.07965088
0.17346191
0.19531250
0.09509277
0.10821533
0.00000000
0.00000000
0.08099365
0.08203125
0.07965088
0.08062744
0.07861328
0.07965088
0.16906738
0.14758301
0.12573242
0.12573242
0.07965088
0.07965088
0.07965088
0.07965088
0.15197754
0.15197754
0.13342285
0.14172363
0.07965088
0.07965088
0.07965088
0.07965088
0.14453125
0.12274170
0.16613770
0.19494629
0.07965088
0.08062744
0.07965088
0.07861328
0.10327148
0.08978271
0.20959473
0.18237305
0.12915039
0.11401367
0.10485840
0.13049316
0.12951660
0.12670898
0.15100098
0.18359375
0.10089111
0.11102295
0.14367676
0.15393066
0.09411621
0.10864258
0.22265625
0.21313477
0.13049316
0.13879395
0.16564941
0.14367676
0.12915039
0.10864258
0.21179199
0.23937988
0.12902832
0.13012695
0.14416504
0.15966797
0.08978271
0.08062744
0.21850586
0.20837402
0.07965088
0.07965088
0.27661133
0.29150391
0.11596680
0.08398438
0.07965088
0.07965088
0.07965088
0.07965088
0.28271484
0.28247070
0.08258057
0.07965088
0.07965088
0.07965088
0.07623291
0.09173584
0.27905273
0.28369141
0.07965088
0.07965088
0.07965088
0.07965088
0.12573242
0.11834717
0.29443359
0.00000000
0.07965088
0.07965088
0.07965088
0.07824707
0.51171875
0.51318359
0.42529297
0.42309570
0.53125000
0.52050781
0.91064453
0.91064453
0.48657227
0.45849609
0.40673828
0.40380859
0.55078125
0.57568359
0.91064453
0.91064453
0.49047852
0.51074219
0.38500977
0.36474609
0.57763672
0.53320312
0.91064453
0.91064453
0.51367188
0.49633789
0.36694336
0.35742188
0.48388672
0.45703125
0.91064453
0.91064453
0.00000000
0.00000000
0.00000000
0.00000000
0.00000000
0.00000000
0.00000000
0.00000000
0.00000000
0.00000000
0.00000000
0.00000000
0.00000000
0.00000000
0.00000000
0.00000000
0.00000000
0.00000000
0.00000000
0.00000000
0.00000000
0.00000000
0.00000000
0.00000000
0.00000000
0.00000000
0.00000000
0.00000000
0.00000000
0.00000000
0.00000000
0.00000000
0.00000000
0.00000000
0.00000000
0.00000000
0.09851074
0.07965088
0.13049316
0.11102295
0.00000000
0.00000000
0.00000000
0.10144043
0.08062744
0.08099365
0.11737061
0.11639404
0.00000000
0.00000000
0.07861328
0.10186768
0.07965088
0.07965088
0.08538818
0.07965088
0.00000000
0.00000000
0.09173584
0.09411621
0.07623291
0.11834717
0.07965088
0.07623291
0.10388184
0.14086914
0.08978271
0.07861328
0.18298340
0.28857422
0.10131836
0.11834717
0.13146973
0.14221191
0.07965088
0.07965088
0.30566406
0.21630859
0.10186768
0.11303711
0.14599609
0.08538818
0.07965088
0.07965088
0.20043945
0.28784180
0.13928223
0.13879395
0.07965088
0.10186768
0.07965088
0.07965088
0.29345703
0.30566406
0.11065674
0.13146973
0.20410156
0.27709961
0.14953613
0.18518066
0.07965088
0.07965088
0.07965088
0.07965088
0.24609375
0.21386719
0.18652344
0.14025879
0.07965088
0.07965088
0.07965088
0.07965088
0.19421387
0.17248535
0.12408447
0.13049316
0.07965088
0.07965088
0.07965088
0.07965088
0.15002441
0.13244629
0.19763184
0.18078613
0.07965088
0.07965088
0.07965088
0.07965088
0.35449219
0.36914062
0.12805176
0.08538818
0.11102295
0.12573242
0.14453125
0.13049316
0.00000000
0.00000000
0.08538818
0.08874512
0.12707520
0.12274170
0.10626221
0.11932373
0.08398438
0.11199951
0.08398438
0.08538818
0.14221191
0.11834717
0.09313965
0.11633301
0.08203125
0.11199951
0.07666016
0.11700439
0.08538818
0.07965088
0.12036133
0.10626221
0.07965088
0.07965088
0.07965088
0.07623291
0.14794922
0.11737061
0.13891602
0.15295410
0.08398438
0.07965088
0.13500977
0.27734375
0.12805176
0.15100098
0.15295410
0.17346191
0.08062744
0.07965088
0.28955078
0.19897461
0.13391113
0.10186768
0.18212891
0.20166016
0.07965088
0.07965088
0.27197266
0.28637695
0.11004639
0.11102295
0.20739746
0.23461914
0.09075928
0.16174316
0.07965088
0.07965088
0.07965088
0.07965088
0.32739258
0.31250000
0.22790527
0.15295410
0.07965088
0.07965088
0.07965088
0.07965088
0.32519531
0.00000000
0.14660645
0.12915039
0.07965088
0.07965088
0.07965088
0.07965088
0.00000000
0.12805176
0.14123535
0.18762207
0.07965088
0.07965088
0.07965088
0.07965088
0.14392090
0.14221191
0.10528564
0.08203125
0.26123047
0.26269531
0.14562988
0.08258057
0.07965088
0.07965088
0.07965088
0.07965088
0.21655273
0.17578125
0.08978271
0.10089111
0.07965088
0.07861328
0.08062744
0.07965088
0.15490723
0.13879395
0.08502197
0.07965088
0.08978271
0.09753418
0.07965088
0.09411621
0.13586426
0.10485840
0.09753418
0.09411621
0.08099365
0.07965088
0.07965088
0.07965088
0.09948730
0.11157227
0.08502197
0.09851074
0.21215820
0.12609863
0.07128906
0.16589355
0.12512207
0.10723877
0.09411621
0.09277344
0.13891602
0.17675781
0.24462891
0.23718262
0.09075928
0.08300781
0.11199951
0.09112549
0.15539551
0.15930176
0.21704102
0.26953125
0.09991455
0.08203125
0.07623291
0.07623291
0.14221191
0.20068359
0.08538818
0.08099365
0.08398438
0.09613037
0.31591797
0.31445312
0.15197754
0.11163330
0.07965088
0.07965088
0.07861328
0.07965088
0.31250000
0.31396484
0.07525635
0.07965088
0.07965088
0.07965088
0.07965088
0.07965088
0.00000000
0.00000000
0.07965088
0.07965088
0.07965088
0.07965088
0.07965088
0.07965088
0.21752930
0.18395996
0.07965088
0.08538818
0.09313965
0.07666016
0.07965088
0.07965088
0.07965088
0.07965088
0.07965088
0.07965088
0.09613037
0.15637207
0.07965088
0.07965088
0.07965088
0.07965088
0.07965088
0.07763672
0.19604492
0.21752930
0.08099365
0.09173584
0.07965088
0.07965088
0.16870117
0.23083496
0.18078613
0.15393066
0.08837891
0.08258057
0.07965088
0.07965088
0.22546387
0.21838379
0.14550781
0.13244629
0.13977051
0.14318848
0.15100098
0.17578125
0.09075928
0.12310791
0.13879395
0.11700439
0.14562988
0.15197754
0.19323730
0.14123535
0.11254883
0.11065674
0.11596680
0.12707520
0.12976074
0.08502197
0.15197754
0.16711426
0.09552002
0.08062744
0.13049316
0.13879395
0.09887695
0.12573242
0.15197754
0.11541748
0.07965088
0.07965088
0.07965088
0.07965088
0.31713867
0.31689453
0.12573242
0.14318848
0.16979980
0.17175293
0.07965088
0.07965088
0.32397461
0.31469727
0.20739746
0.14221191
0.15295410
0.11065674
0.07965088
0.07965088
0.31884766
0.00000000
0.12469482
0.08300781
0.11938477
0.09216309
0.07965088
0.07965088
0.00000000
0.10668945
0.07525635
0.07421875
0.10961914
0.14953613
0.07965088
0.07965088
0.07965088
0.07965088
0.07965088
0.07965088
0.10089111
0.11199951
0.07965088
0.07965088
0.07965088
0.07965088
0.07965088
0.07427979
0.14758301
0.14660645
0.07965088
0.07965088
0.07965088
0.07965088
0.16589355
0.27343750
0.12310791
0.11401367
0.07965088
0.08062744
0.07965088
0.07965088
0.20959473
0.16357422
0.09411621
0.09472656
0.12609863
0.14318848
0.12609863
0.15734863
0.13439941
0.11737061
0.07965088
0.07965088
0.15100098
0.13146973
0.14562988
0.16174316
0.12176514
0.12915039
0.07965088
0.07965088
0.13879395
0.12432861
0.15637207
0.15637207
0.14953613
0.14758301
0.07965088
0.07965088
0.12072754
0.11297607
0.18408203
0.16064453
0.13146973
0.13146973
0.07965088
0.07965088
0.32958984
0.29248047
0.08099365
0.10485840
0.11065674
0.13928223
0.07965088
0.07965088
0.29467773
0.32397461
0.15637207
0.13586426
0.11303711
0.12469482
0.07965088
0.07965088
0.31054688
0.31884766
0.18151855
0.20300293
0.13879395
0.12133789
0.07965088
0.07965088
0.00000000
0.00000000
0.21752930
0.27929688
0.12707520
0.14453125
0.07965088
0.07965088
0.07965088
0.07965088
0.07965088
0.07965088
0.19970703
0.22290039
0.25927734
0.25683594
0.07965088
0.07965088
0.07763672
0.14050293
0.15637207
0.09710693
0.27246094
0.26367188
0.07965088
0.07965088
0.25219727
0.20874023
0.07666016
0.09033203
0.26489258
0.25390625
0.07965088
0.07965088
0.10723877
0.15649414
0.07965088
0.08099365
0.20642090
0.17297363
0.15637207
0.17736816
0.16271973
0.15490723
0.07965088
0.07965088
0.28320312
0.25903320
0.16064453
0.15148926
0.14318848
0.14221191
0.07965088
0.07965088
0.30053711
0.30249023
0.15393066
0.14953613
0.15393066
0.13342285
0.07965088
0.07965088
0.29980469
0.31591797
0.14855957
0.15869141
0.15270996
0.17321777
0.07965088
0.08538818
0.32104492
0.00000000
0.08398438
0.08398438
0.15393066
0.13586426
0.07965088
0.07965088
0.10046387
0.08978271
0.08062744
0.08099365
0.10626221
0.10565186
0.07965088
0.07965088
0.08062744
0.07965088
0.10089111
0.10723877
0.11639404
0.09655762
0.07965088
0.07965088
0.07965088
0.07965088
0.09655762
0.09216309
0.08978271
0.12371826
0.07965088
0.07965088
0.07965088
0.07965088
0.07965088
0.07965088
0.16467285
0.17041016
0.15930176
0.19030762
0.11199951
0.14318848
0.07965088
0.09808350
0.17321777
0.19702148
0.17993164
0.20837402
0.14318848
0.16369629
0.11791992
0.07763672
0.21020508
0.18066406
0.19165039
0.14367676
0.16027832
0.13012695
0.11755371
0.22912598
0.11065674
0.09887695
0.12335205
0.08935547
0.09552002
0.11401367
0.08160400
0.13781738
0.07965088
0.07965088
0.31445312
0.33691406
0.07965088
0.07965088
0.16467285
0.15295410
0.07965088
0.07965088
0.28906250
0.27758789
0.07965088
0.07965088
0.15637207
0.16857910
0.07965088
0.07965088
0.30029297
0.30078125
0.07965088
0.07965088
0.16772461
0.16442871
0.11157227
0.15148926
0.29345703
0.31054688
0.11102295
0.12176514
0.09948730
0.09655762
0.07965088
0.07965088
0.11401367
0.10662842
0.12634277
0.09509277
0.10809326
0.09991455
0.07965088
0.07965088
0.08837891
0.07965088
0.07861328
0.07861328
0.10900879
0.09655762
0.07965088
0.07965088
0.07965088
0.07965088
0.07525635
0.07525635
0.09753418
0.11779785
0.07965088
0.07965088
0.07965088
0.07965088
0.08435059
0.13745117
0.17248535
0.18579102
0.07623291
0.07525635
0.10723877
0.12951660
0.07965088
0.07824707
0.15869141
0.17578125
0.07525635
0.07086182
0.11834717
0.14123535
0.10925293
0.15637207
0.17419434
0.15966797
0.09851074
0.11199951
0.14758301
0.18115234
0.20776367
0.19714355
0.18371582
0.15429688
0.11199951
0.12371826
0.16125488
0.08398438
0.16564941
0.17724609
0.07965088
0.07965088
0.27880859
0.27148438
0.08203125
0.08099365
0.08538818
0.08538818
0.07965088
0.07965088
0.27270508
0.27490234
0.07965088
0.07965088
0.07965088
0.07965088
0.07965088
0.07965088
0.28637695
0.29345703
0.07965088
0.07965088
0.07965088
0.07861328
0.07965088
0.07965088
0.29956055
0.28955078
0.07965088
0.10388184
0.08258057
0.10388184
0.07965088
0.07965088
0.13488770
0.14318848
0.07965088
0.07623291
0.23608398
0.18908691
0.07965088
0.07965088
0.11499023
0.09216309
0.07965088
0.11853027
0.16113281
0.14416504
0.07965088
0.07965088
0.08062744
0.07965088
0.17089844
0.22351074
0.14562988
0.13684082
0.07965088
0.07965088
0.08538818
0.07861328
0.22338867
0.17065430
0.14025879
0.14257812
0.07861328
0.08062744
0.07965088
0.08398438
0.10626221
0.07965088
0.07965088
0.07965088
0.08538818
0.07965088
0.13342285
0.14416504
0.07965088
0.08978271
0.07965088
0.07965088
0.13684082
0.21569824
0.11541748
0.11639404
0.12274170
0.14562988
0.07861328
0.09411621
0.20605469
0.16613770
0.16467285
0.16613770
0.17443848
0.19189453
0.10388184
0.09173584
0.28881836
0.30126953
0.08538818
0.08734131
0.08636475
0.08258057
0.10522461
0.11938477
0.28515625
0.28271484
0.11932373
0.09552002
0.07965088
0.07965088
0.07965088
0.07965088
0.28173828
0.28051758
0.08398438
0.07965088
0.07965088
0.08538818
0.07965088
0.07965088
0.29736328
0.30126953
0.08538818
0.08062744
0.08062744
0.07965088
0.07965088
0.07965088
0.20129395
0.18957520
0.13879395
0.15441895
0.07525635
0.08874512
0.08837891
0.12231445
0.16662598
0.13049316
0.14660645
0.15246582
0.15002441
0.14953613
0.09277344
0.07525635
0.13244629
0.12805176
0.13977051
0.13537598
0.13049316
0.13488770
0.07525635
0.11938477
0.12951660
0.12310791
0.14855957
0.15820312
0.13549805
0.12414551
0.14562988
0.13928223
0.07824707
0.09753418
0.08978271
0.10565186
0.07965088
0.07965088
0.08099365
0.17272949
0.12371826
0.09991455
0.07965088
0.08099365
0.07965088
0.07965088
0.29321289
0.28198242
0.12176514
0.12231445
0.10821533
0.18688965
0.07965088
0.07965088
0.28051758
0.28564453
0.10620117
0.12646484
0.22131348
0.19250488
0.07965088
0.07623291
0.27612305
0.28247070
0.15197754
0.15832520
0.11260986
0.08300781
0.07965088
0.07861328
0.20605469
0.20739746
0.09277344
0.13549805
0.08636475
0.08062744
0.08679199
0.10229492
0.16174316
0.14221191
0.12274170
0.09948730
0.07965088
0.07965088
0.10388184
0.09509277
0.19396973
0.20556641
0.09509277
0.08398438
0.07965088
0.07965088
0.07965088
0.07623291
0.18457031
0.17004395
0.13342285
0.13439941
0.00000000
0.07965088
0.07861328
0.07861328
0.07965088
0.07965088
0.11596680
0.11834717
0.07965088
0.07861328
0.07965088
0.08502197
0.07824707
0.09411621
0.12274170
0.09948730
0.08062744
0.12377930
0.11260986
0.12469482
0.12414551
0.13146973
0.09948730
0.10620117
0.09753418
0.08636475
0.11737061
0.14123535
0.12707520
0.09552002
0.51660156
0.48193359
0.33618164
0.29248047
0.37280273
0.29101562
0.91064453
0.91064453
0.47167969
0.48876953
0.25732422
0.24902344
0.30200195
0.43969727
0.91064453
0.91064453
0.50000000
0.49975586
0.27050781
0.27050781
0.70068359
0.75976562
0.90917969
0.90087891
0.47729492
0.49023438
0.25561523
0.25366211
0.75341797
0.77929688
0.00000000
0.00000000
0.00000000
0.00000000
0.00000000
0.00000000
0.00000000
0.00000000
0.00000000
0.00000000
0.00000000
0.00000000
0.00000000
0.00000000
0.00000000
0.00000000
0.00000000
0.00000000
0.00000000
0.00000000
0.00000000
0.00000000
0.00000000
0.00000000
0.00000000
0.00000000
0.00000000
0.00000000
0.00000000
0.00000000
0.00000000
0.00000000
0.00000000
0.00000000
0.00000000
0.00000000
0.12274170
0.11157227
0.16918945
0.09411621
0.11700439
0.14221191
0.00000000
0.00000000
0.08599854
0.08398438
0.13549805
0.15258789
0.12670898
0.13452148
0.00000000
0.00000000
0.08398438
0.12072754
0.15930176
0.16406250
0.16027832
0.16076660
0.00000000
0.00000000
0.11059570
0.12469482
0.18518066
0.15332031
0.18212891
0.14318848
0.09509277
0.07861328
0.07965088
0.07965088
0.33959961
0.34448242
0.13012695
0.09649658
0.07965088
0.07965088
0.07965088
0.07965088
0.34887695
0.36669922
0.08300781
0.13342285
0.07965088
0.07965088
0.07965088
0.07965088
0.36083984
0.40380859
0.09991455
0.10626221
0.07965088
0.07965088
0.07965088
0.07965088
0.00000000
0.00000000
0.07861328
0.08636475
0.13342285
0.13879395
0.13781738
0.16906738
0.07965088
0.07965088
0.07965088
0.07965088
0.16711426
0.16613770
0.13586426
0.21752930
0.07965088
0.07965088
0.07965088
0.07965088
0.12609863
0.11975098
0.18493652
0.10919189
0.07965088
0.08874512
0.07666016
0.09313965
0.11444092
0.12176514
0.13049316
0.12078857
0.09216309
0.07965088
0.21142578
0.30981445
0.12805176
0.12176514
0.12756348
0.14660645
0.07525635
0.13549805
0.09655762
0.07965088
0.11444092
0.12469482
0.14123535
0.16467285
0.25683594
0.15795898
0.07965088
0.07965088
0.10961914
0.11975098
0.18688965
0.19189453
0.09313965
0.15588379
0.07965088
0.07965088
0.12707520
0.13146973
0.20739746
0.22595215
0.20825195
0.16064453
0.07965088
0.07965088
0.07965088
0.07965088
0.32250977
0.33032227
0.08203125
0.10565186
0.24279785
0.25927734
0.07965088
0.07965088
0.32641602
0.33813477
0.08734131
0.12768555
0.23339844
0.22900391
0.07965088
0.07965088
0.32934570
0.33520508
0.13342285
0.09808350
0.21459961
0.16748047
0.07965088
0.07965088
0.33081055
0.00000000
0.07824707
0.08099365
0.12133789
0.12609863
0.14416504
0.13586426
0.07965088
0.07965088
0.07965088
0.07965088
0.13012695
0.09948730
0.12951660
0.14904785
0.07965088
0.07965088
0.07965088
0.07965088
0.08538818
0.09075928
0.16271973
0.09075928
0.07965088
0.07965088
0.07965088
0.07965088
0.09851074
0.10723877
0.11834717
0.10327148
0.07965088
0.08538818
0.07623291
0.09906006
0.11596680
0.13586426
0.08203125
0.10766602
0.07525635
0.07226562
0.12915039
0.08636475
0.07965088
0.07965088
0.13549805
0.12078857
0.13549805
0.28320312
0.07861328
0.07965088
0.07965088
0.07965088
0.08874512
0.09649658
0.19091797
0.10864258
0.07965088
0.07965088
0.07965088
0.08258057
0.10388184
0.10583496
0.14318848
0.20678711
0.07965088
0.07965088
0.07965088
0.07965088
0.31054688
0.34570312
0.07861328
0.08398438
0.09112549
0.09552002
0.15295410
0.09216309
0.31958008
0.31494141
0.12670898
0.16271973
0.10388184
0.08502197
0.08636475
0.09552002
0.31884766
0.32080078
0.17004395
0.11358643
0.10925293
0.15063477
0.10961914
0.10766602
0.31884766
0.31152344
0.07666016
0.07965088
0.20202637
0.25585938
0.07965088
0.07965088
0.07965088
0.07965088
0.07965088
0.07965088
0.14196777
0.11499023
0.08636475
0.08099365
0.07965088
0.07965088
0.07965088
0.07965088
0.11834717
0.09552002
0.07666016
0.08398438
0.07965088
0.07965088
0.07965088
0.07965088
0.11499023
0.14221191
0.12274170
0.16174316
0.07965088
0.07965088
0.07965088
0.07427979
0.12805176
0.09753418
0.17541504
0.13977051
0.13342285
0.11541748
0.08734131
0.11157227
0.07965088
0.07965088
0.28393555
0.29516602
0.10961914
0.14025879
0.09753418
0.10424805
0.07965088
0.07965088
0.29150391
0.30224609
0.18652344
0.22521973
0.08978271
0.11199951
0.07965088
0.07965088
0.30517578
0.30468750
0.16406250
0.14123535
0.09411621
0.07965088
0.08062744
0.07965088
0.32080078
0.32519531
0.13439941
0.09613037
0.15832520
0.18896484
0.14562988
0.09515381
0.07965088
0.07965088
0.10089111
0.08978271
0.17041016
0.12176514
0.07861328
0.07965088
0.07965088
0.07965088
0.09216309
0.15087891
0.12274170
0.13928223
0.08538818
0.08062744
0.07965088
0.07965088
0.16906738
0.08978271
0.14416504
0.09948730
0.07965088
0.07965088
0.07965088
0.07965088
0.07965088
0.07965088
0.17138672
0.21411133
0.07525635
0.07189941
0.19189453
0.19091797
0.07965088
0.07965088
0.15490723
0.14318848
0.08935547
0.13049316
0.14758301
0.13244629
0.07965088
0.07965088
0.16503906
0.16540527
0.14123535
0.14562988
0.17150879
0.14416504
0.07965088
0.07525635
0.15734863
0.15429688
0.15100098
0.14221191
0.15197754
0.19091797
0.08502197
0.08636475
0.07965088
0.07965088
0.25341797
0.30102539
0.07623291
0.07824707
0.12609863
0.14855957
0.07965088
0.07965088
0.29907227
0.31567383
0.07965088
0.07965088
0.14025879
0.12915039
0.07965088
0.07965088
0.31225586
0.30859375
0.07965088
0.10925293
0.13342285
0.14318848
0.07965088
0.07965088
0.31542969
0.31835938
0.15100098
0.15734863
0.10284424
0.07965088
0.07763672
0.07965088
0.13781738
0.11798096
0.07965088
0.07965088
0.11065674
0.07965088
0.07965088
0.07965088
0.08636475
0.07965088
0.07965088
0.07965088
0.08398438
0.15197754
0.07965088
0.07965088
0.07965088
0.07965088
0.07965088
0.07965088
0.18212891
0.13549805
0.07965088
0.07965088
0.07965088
0.07965088
0.07965088
0.07324219
0.20397949
0.18457031
0.29882812
0.28540039
0.12670898
0.12658691
0.07965088
0.07965088
0.14855957
0.18786621
0.28247070
0.30712891
0.17883301
0.18078613
0.07666016
0.10522461
0.22863770
0.16162109
0.28393555
0.29394531
0.16857910
0.15490723
0.15686035
0.14758301
0.10961914
0.10284424
0.28198242
0.26562500
0.15539551
0.15539551
0.13879395
0.12805176
0.07965088
0.07965088
0.25805664
0.31640625
0.08062744
0.07965088
0.15637207
0.11798096
0.07965088
0.07965088
0.30102539
0.29345703
0.07965088
0.07965088
0.11499023
0.12805176
0.07965088
0.07965088
0.29077148
0.29077148
0.09112549
0.11938477
0.12377930
0.13391113
0.07965088
0.07965088
0.29052734
0.31787109
0.14123535
0.12274170
0.09613037
0.08538818
0.12231445
0.07525635
0.13452148
0.10620117
0.08398438
0.07623291
0.00000000
0.17199707
0.07965088
0.07965088
0.12707520
0.10766602
0.07666016
0.07965088
0.15295410
0.18701172
0.07965088
0.07965088
0.08099365
0.08636475
0.07965088
0.07965088
0.18762207
0.17883301
0.07965088
0.07965088
0.07965088
0.07965088
0.07965088
0.12866211
0.17822266
0.21997070
0.09851074
0.09173584
0.12707520
0.13049316
0.07965088
0.07965088
0.07965088
0.07965088
0.08935547
0.10583496
0.14123535
0.10522461
0.07965088
0.07861328
0.07965088
0.07965088
0.10961914
0.11596680
0.13720703
0.15429688
0.09613037
0.14465332
0.07965088
0.07965088
0.10827637
0.10388184
0.16564941
0.17248535
0.15832520
0.14953613
0.07965088
0.07965088
0.29565430
0.30029297
0.09173584
0.07965088
0.09991455
0.10626221
0.13146973
0.14465332
0.29101562
0.28955078
0.07965088
0.07965088
0.12817383
0.12707520
0.10626221
0.07965088
0.30737305
0.30224609
0.07965088
0.07965088
0.12512207
0.13146973
0.07965088
0.07965088
0.28173828
0.29150391
0.07965088
0.07965088
0.12609863
0.12078857
0.07965088
0.07965088
0.15637207
0.15429688
0.15588379
0.14709473
0.00000000
0.00000000
0.09851074
0.14611816
0.13684082
0.13244629
0.16259766
0.18261719
0.23632812
0.19628906
0.16174316
0.13049316
0.12512207
0.10327148
0.14916992
0.09710693
0.17810059
0.15771484
0.11999512
0.11499023
0.09075928
0.07861328
0.07666016
0.07965088
0.16308594
0.18225098
0.13647461
0.15295410
0.12512207
0.10229492
0.07965088
0.07965088
0.07965088
0.07965088
0.25366211
0.30249023
0.07623291
0.08837891
0.07965088
0.07965088
0.07965088
0.07965088
0.28564453
0.28393555
0.13977051
0.13452148
0.07965088
0.07965088
0.07965088
0.07965088
0.29785156
0.30175781
0.11499023
0.13586426
0.13781738
0.16076660
0.07965088
0.07965088
0.28881836
0.26879883
0.09472656
0.07623291
0.11999512
0.12512207
0.07623291
0.09368896
0.16308594
0.15100098
0.07965088
0.07965088
0.12274170
0.13342285
0.11499023
0.08538818
0.14123535
0.11596680
0.07965088
0.07965088
0.10626221
0.07965088
0.07965088
0.07965088
0.12371826
0.12371826
0.07965088
0.07965088
0.07861328
0.08062744
0.07965088
0.07965088
0.09991455
0.08398438
0.07965088
0.08300781
0.29931641
0.00000000
0.14282227
0.10186768
0.12176514
0.10565186
0.08300781
0.08300781
0.00000000
0.25585938
0.07525635
0.08203125
0.08978271
0.08538818
0.07965088
0.07623291
0.21081543
0.18261719
0.08099365
0.07965088
0.08099365
0.07666016
0.07861328
0.07623291
0.16027832
0.15393066
0.08062744
0.07861328
0.11938477
0.13146973
0.07965088
0.07965088
0.07965088
0.07965088
0.10382080
0.07464600
0.17138672
0.16418457
0.08062744
0.12274170
0.07965088
0.07965088
0.15063477
0.27319336
0.11065674
0.08300781
0.12817383
0.08978271
0.07965088
0.07965088
0.28906250
0.27880859
0.08538818
0.10626221
0.07824707
0.08300781
0.07965088
0.07965088
0.27856445
0.27172852
0.11541748
0.08203125
0.10186768
0.08300781
0.12133789
0.07965088
0.15734863
0.15441895
0.07965088
0.07623291
0.07965088
0.07861328
0.07965088
0.07965088
0.14855957
0.15197754
0.07861328
0.07623291
0.07861328
0.07965088
0.11297607
0.09753418
0.17333984
0.15637207
0.08300781
0.08099365
0.07965088
0.07965088
0.07824707
0.07965088
0.15197754
0.12274170
0.09509277
0.12231445
0.29443359
0.29956055
0.07965088
0.07965088
0.07965088
0.07965088
0.07965088
0.07965088
0.00000000
0.00000000
0.07861328
0.07965088
0.09552002
0.08636475
0.07965088
0.08062744
0.08837891
0.18017578
0.11798096
0.10144043
0.08062744
0.08776855
0.08398438
0.09173584
0.22094727
0.17382812
0.07623291
0.07965088
0.12036133
0.13684082
0.07861328
0.08978271
0.12707520
0.09552002
0.18725586
0.22790527
0.11676025
0.12072754
0.11700439
0.10186768
0.07623291
0.07861328
0.18676758
0.09075928
0.14318848
0.15100098
0.08099365
0.08837891
0.07965088
0.07965088
0.10046387
0.24584961
0.14660645
0.13549805
0.10626221
0.12274170
0.07965088
0.07965088
0.30590820
0.28295898
0.10186768
0.11834717
0.10046387
0.07861328
0.14501953
0.12017822
0.17749023
0.20935059
0.09509277
0.15979004
0.29443359
0.29541016
0.08978271
0.07965088
0.21374512
0.20202637
0.15344238
0.14074707
0.30029297
0.00000000
0.07965088
0.08062744
0.19934082
0.20458984
0.15783691
0.15148926
0.00000000
0.07965088
0.10766602
0.09887695
0.20581055
0.15100098
0.13012695
0.11358643
0.07861328
0.07965088
0.07965088
0.07965088
0.07965088
0.07965088
0.07861328
0.07965088
0.15832520
0.14855957
0.07965088
0.08636475
0.07965088
0.07965088
0.07965088
0.07965088
0.14855957
0.14318848
0.09552002
0.09411621
0.07965088
0.07965088
0.07965088
0.08538818
0.12176514
0.10626221
0.09649658
0.11700439
0.08636475
0.08837891
0.10864258
0.08538818
0.07965088
0.07965088
0.13244629
0.16223145
0.08538818
0.10485840
0.19665527
0.22827148
0.08978271
0.12176514
0.16857910
0.17187500
0.13146973
0.13244629
0.22045898
0.18591309
0.10522461
0.08502197
0.20324707
0.12145996
0.11877441
0.12512207
0.10784912
0.07525635
0.07965088
0.07965088
0.10284424
0.24194336
0.15002441
0.11737061
0.07861328
0.07861328
0.07965088
0.08099365
0.48364258
0.00000000
0.28271484
0.00000000
0.80957031
0.00000000
0.00000000
0.00000000
0.00000000
0.00000000
0.00000000
0.00000000
0.00000000
0.00000000
0.00000000
0.00000000
0.00000000
0.00000000
0.00000000
0.00000000
0.00000000
0.00000000
0.00000000
0.00000000
0.00000000
0.00000000
0.00000000
0.00000000
0.00000000
0.00000000
0.00000000
0.00000000
0.00000000
0.00000000
0.00000000
0.00000000
0.00000000
0.00000000
0.00000000
0.00000000
0.00000000
0.00000000
0.00000000
0.00000000
0.00000000
0.00000000
0.00000000
0.00000000
0.00000000
0.00000000
0.00000000
0.00000000
0.00000000
0.00000000
0.00000000
0.00000000
0.00000000
0.00000000
0.00000000
0.00000000
0.00000000
0.00000000
0.00000000
0.00000000
0.00000000
0.00000000
0.16906738
0.00000000
0.14758301
0.00000000
0.13781738
0.00000000
0.00000000
0.00000000
0.00000000
0.00000000
0.00000000
0.00000000
0.00000000
0.00000000
0.00000000
0.00000000
0.00000000
0.00000000
0.00000000
0.00000000
0.00000000
0.00000000
0.00000000
0.00000000
0.00000000
0.00000000
0.00000000
0.00000000
0.00000000
0.00000000
0.07965088
0.00000000
0.07965088
0.00000000
0.09948730
0.00000000
0.08062744
0.00000000
0.00000000
0.00000000
0.00000000
0.00000000
0.00000000
0.00000000
0.00000000
0.00000000
0.00000000
0.00000000
0.00000000
0.00000000
0.00000000
0.00000000
0.00000000
0.00000000
0.00000000
0.00000000
0.00000000
0.00000000
0.00000000
0.00000000
0.00000000
0.00000000
0.12512207
0.00000000
0.11737061
0.00000000
0.07965088
0.00000000
0.25805664
0.00000000
0.00000000
0.00000000
0.00000000
0.00000000
0.00000000
0.00000000
0.00000000
0.00000000
0.00000000
0.00000000
0.00000000
0.00000000
0.00000000
0.00000000
0.00000000
0.00000000
0.00000000
0.00000000
0.00000000
0.00000000
0.00000000
0.00000000
0.00000000
0.00000000
0.11596680
0.00000000
0.23937988
0.00000000
0.14562988
0.00000000
0.07965088
0.00000000
0.00000000
0.00000000
0.00000000
0.00000000
0.00000000
0.00000000
0.00000000
0.00000000
0.00000000
0.00000000
0.00000000
0.00000000
0.00000000
0.00000000
0.00000000
0.00000000
0.00000000
0.00000000
0.00000000
0.00000000
0.00000000
0.00000000
0.00000000
0.00000000
0.07965088
0.00000000
0.00000000
0.00000000
0.09552002
0.00000000
0.15930176
0.00000000
0.00000000
0.00000000
0.00000000
0.00000000
0.00000000
0.00000000
0.00000000
0.00000000
0.00000000
0.00000000
0.00000000
0.00000000
0.00000000
0.00000000
0.00000000
0.00000000
0.00000000
0.00000000
0.00000000
0.00000000
0.00000000
0.00000000
0.00000000
0.00000000
0.09411621
0.00000000
0.09075928
0.00000000
0.21960449
0.00000000
0.11157227
0.00000000
0.00000000
0.00000000
0.00000000
0.00000000
0.00000000
0.00000000
0.00000000
0.00000000
0.00000000
0.00000000
0.00000000
0.00000000
0.00000000
0.00000000
0.00000000
0.00000000
0.00000000
0.00000000
0.00000000
0.00000000
0.00000000
0.00000000
0.00000000
0.00000000
0.12854004
0.00000000
0.15734863
0.00000000
0.07965088
0.00000000
0.07965088
0.00000000
0.00000000
0.00000000
0.00000000
0.00000000
0.00000000
0.00000000
0.00000000
0.00000000
0.00000000
0.00000000
0.00000000
0.00000000
0.00000000
0.00000000
0.00000000
0.00000000
0.00000000
0.00000000
0.00000000
0.00000000
0.00000000
0.00000000
0.00000000
0.00000000
0.00000000
0.00000000
0.07965088
0.00000000
0.24182129
0.00000000
0.09216309
0.00000000
0.00000000
0.00000000
0.00000000
0.00000000
0.00000000
0.00000000
0.00000000
0.00000000
0.00000000
0.00000000
0.00000000
0.00000000
0.00000000
0.00000000
0.00000000
0.00000000
0.00000000
0.00000000
0.00000000
0.00000000
0.00000000
0.00000000
0.00000000
0.00000000
0.07965088
0.00000000
0.16003418
0.00000000
0.07623291
0.00000000
0.11260986
0.00000000
0.00000000
0.00000000
0.00000000
0.00000000
0.00000000
0.00000000
0.00000000
0.00000000
0.00000000
0.00000000
0.00000000
0.00000000
0.00000000
0.00000000
0.00000000
0.00000000
0.00000000
0.00000000
0.00000000
0.00000000
0.00000000
0.00000000
0.00000000
0.00000000
0.15197754
0.00000000
0.07861328
0.00000000
0.07965088
0.00000000
0.31250000
0.00000000
0.00000000
0.00000000
0.00000000
0.00000000
0.00000000
0.00000000
0.00000000
0.00000000
0.00000000
0.00000000
0.00000000
0.00000000
0.00000000
0.00000000
0.00000000
0.00000000
0.00000000
0.00000000
0.00000000
0.00000000
0.00000000
0.00000000
0.00000000
0.00000000
0.08398438
0.00000000
0.08203125
0.00000000
0.07965088
0.00000000
0.07965088
0.00000000
0.00000000
0.00000000
0.00000000
0.00000000
0.00000000
0.00000000
0.00000000
0.00000000
0.00000000
0.00000000
0.00000000
0.00000000
0.00000000
0.00000000
0.00000000
0.00000000
0.00000000
0.00000000
0.00000000
0.00000000
0.00000000
0.00000000
0.00000000
0.00000000
0.11413574
0.00000000
0.16345215
0.00000000
0.13879395
0.00000000
0.15429688
0.00000000
0.00000000
0.00000000
0.00000000
0.00000000
0.00000000
0.00000000
0.00000000
0.00000000
0.00000000
0.00000000
0.00000000
0.00000000
0.00000000
0.00000000
0.00000000
0.00000000
0.00000000
0.00000000
0.00000000
0.00000000
0.00000000
0.00000000
0.00000000
0.00000000
0.14758301
0.00000000
0.07965088
0.00000000
0.30859375
0.00000000
0.15637207
0.00000000
0.00000000
0.00000000
0.00000000
0.00000000
0.00000000
0.00000000
0.00000000
0.00000000
0.00000000
0.00000000
0.00000000
0.00000000
0.00000000
0.00000000
0.00000000
0.00000000
0.00000000
0.00000000
0.00000000
0.00000000
0.00000000
0.00000000
0.00000000
0.00000000
0.12573242
0.00000000
0.07965088
0.00000000
0.07965088
0.00000000
0.12091064
0.00000000
0.00000000
0.00000000
0.00000000
0.00000000
0.00000000
0.00000000
0.00000000
0.00000000
0.00000000
0.00000000
0.00000000
0.00000000
0.00000000
0.00000000
0.00000000
0.00000000
0.00000000
0.00000000
0.00000000
0.00000000
0.00000000
0.00000000
0.00000000
0.00000000
0.11499023
0.00000000
0.19506836
0.00000000
0.15734863
0.00000000
0.14074707
0.00000000
0.00000000
0.00000000
0.00000000
0.00000000
0.00000000
0.00000000
0.00000000
0.00000000
0.00000000
0.00000000
0.00000000
0.00000000
0.00000000
0.00000000
0.00000000
0.00000000
0.00000000
0.00000000
0.00000000
0.00000000
0.00000000
0.00000000
0.00000000
0.00000000
0.07965088
0.00000000
0.30273438
0.00000000
0.13049316
0.00000000
0.11700439
0.00000000
0.00000000
0.00000000
0.00000000
0.00000000
0.00000000
0.00000000
0.00000000
0.00000000
0.00000000
0.00000000
0.00000000
0.00000000
0.00000000
0.00000000
0.00000000
0.00000000
0.00000000
0.00000000
0.00000000
0.00000000
0.00000000
0.00000000
0.00000000
0.00000000
0.07965088
0.00000000
0.07965088
0.00000000
0.21716309
0.00000000
0.18750000
0.00000000
0.00000000
0.00000000
0.00000000
0.00000000
0.00000000
0.00000000
0.00000000
0.00000000
0.00000000
0.00000000
0.00000000
0.00000000
0.00000000
0.00000000
0.00000000
0.00000000
0.00000000
0.00000000
0.00000000
0.00000000
0.00000000
0.00000000
0.00000000
0.00000000
0.12475586
0.00000000
0.13781738
0.00000000
0.15197754
0.00000000
0.07965088
0.00000000
0.00000000
0.00000000
0.00000000
0.00000000
0.00000000
0.00000000
0.00000000
0.00000000
0.00000000
0.00000000
0.00000000
0.00000000
0.00000000
0.00000000
0.00000000
0.00000000
0.00000000
0.00000000
0.00000000
0.00000000
0.00000000
0.00000000
0.00000000
0.00000000
0.29150391
0.00000000
0.07965088
0.00000000
0.11578369
0.00000000
0.07965088
0.00000000
0.00000000
0.00000000
0.00000000
0.00000000
0.00000000
0.00000000
0.00000000
0.00000000
0.00000000
0.00000000
0.00000000
0.00000000
0.00000000
0.00000000
0.00000000
0.00000000
0.00000000
0.00000000
0.00000000
0.00000000
0.00000000
0.00000000
0.00000000
0.00000000
0.07965088
0.00000000
0.07861328
0.00000000
0.16113281
0.00000000
0.20971680
0.00000000
0.00000000
0.00000000
0.00000000
0.00000000
0.00000000
0.00000000
0.00000000
0.00000000
0.00000000
0.00000000
0.00000000
0.00000000
0.00000000
0.00000000
0.00000000
0.00000000
0.00000000
0.00000000
0.00000000
0.00000000
0.00000000
0.00000000
0.00000000
0.00000000
0.15734863
0.00000000
0.16369629
0.00000000
0.07965088
0.00000000
0.27978516
0.00000000
0.00000000
0.00000000
0.00000000
0.00000000
0.00000000
0.00000000
0.00000000
0.00000000
0.00000000
0.00000000
0.00000000
0.00000000
0.00000000
0.00000000
0.00000000
0.00000000
0.00000000
0.00000000
0.00000000
0.00000000
0.00000000
0.00000000
0.00000000
0.00000000
0.07965088
0.00000000
0.07824707
0.00000000
0.07965088
0.00000000
0.07965088
0.00000000
0.00000000
0.00000000
0.00000000
0.00000000
0.00000000
0.00000000
0.00000000
0.00000000
0.00000000
0.00000000
0.00000000
0.00000000
0.00000000
0.00000000
0.00000000
0.00000000
0.00000000
0.00000000
0.00000000
0.00000000
0.00000000
0.00000000
0.00000000
0.00000000
0.09313965
0.00000000
0.13793945
0.00000000
0.10046387
0.00000000
0.13488770
0.00000000
0.00000000
0.00000000
0.00000000
0.00000000
0.00000000
0.00000000
0.00000000
0.00000000
0.00000000
0.00000000
0.00000000
0.00000000
0.00000000
0.00000000
0.00000000
0.00000000
0.00000000
0.00000000
0.00000000
0.00000000
0.00000000
0.00000000
0.00000000
0.00000000
0.14660645
0.00000000
0.07965088
0.00000000
0.28515625
0.00000000
0.07965088
0.00000000
0.00000000
0.00000000
0.00000000
0.00000000
0.00000000
0.00000000
0.00000000
0.00000000
0.00000000
0.00000000
0.00000000
0.00000000
0.00000000
0.00000000
0.00000000
0.00000000
0.00000000
0.00000000
0.00000000
0.00000000
0.00000000
0.00000000
0.00000000
0.00000000
0.07965088
0.00000000
0.07965088
0.00000000
0.11199951
0.00000000
0.16027832
0.00000000
0.00000000
0.00000000
0.00000000
0.00000000
0.00000000
0.00000000
0.00000000
0.00000000
0.00000000
0.00000000
0.00000000
0.00000000
0.00000000
0.00000000
0.00000000
0.00000000
0.00000000
0.00000000
0.00000000
0.00000000
0.00000000
0.00000000
0.00000000
0.00000000
0.15393066
0.00000000
0.08062744
0.00000000
0.12951660
0.00000000
0.09411621
0.00000000
0.00000000
0.00000000
0.00000000
0.00000000
0.00000000
0.00000000
0.00000000
0.00000000
0.00000000
0.00000000
0.00000000
0.00000000
0.00000000
0.00000000
0.00000000
0.00000000
0.00000000
0.00000000
0.00000000
0.00000000
0.00000000
0.00000000
0.00000000
0.00000000
0.07965088
0.00000000
0.27416992
0.00000000
0.11199951
0.00000000
0.07965088
0.00000000
0.00000000
0.00000000
0.00000000
0.00000000
0.00000000
0.00000000
0.00000000
0.00000000
0.00000000
0.00000000
0.00000000
0.00000000
0.00000000
0.00000000
0.00000000
0.00000000
0.00000000
0.00000000
0.00000000
0.00000000
0.00000000
0.00000000
0.00000000
0.00000000
0.07965088
0.00000000
0.14953613
0.00000000
0.12707520
0.00000000
0.11303711
0.00000000
0.00000000
0.00000000
0.00000000
0.00000000
0.00000000
0.00000000
0.00000000
0.00000000
0.00000000
0.00000000
0.00000000
0.00000000
0.00000000
0.00000000
0.00000000
0.00000000
0.00000000
0.00000000
0.00000000
0.00000000
0.00000000
0.00000000
0.00000000
0.00000000
0.11401367
0.00000000
0.10809326
0.00000000
0.10089111
0.00000000
0.07965088
0.00000000
0.00000000
0.00000000
0.00000000
0.00000000
0.00000000
0.00000000
0.00000000
0.00000000
0.00000000
0.00000000
0.00000000
0.00000000
0.00000000
0.00000000
0.00000000
0.00000000
0.00000000
0.00000000
0.00000000
0.00000000
0.00000000
0.00000000
0.00000000
0.00000000
0.28417969
0.00000000
0.13342285
0.00000000
0.07965088
0.00000000
0.08398438
0.00000000
0.00000000
0.00000000
0.00000000
0.00000000
0.00000000
0.00000000
0.00000000
0.00000000
0.00000000
0.00000000
0.00000000
0.00000000
0.00000000
0.00000000
0.00000000
0.00000000
0.00000000
0.00000000
0.00000000
0.00000000
0.00000000
0.00000000
0.00000000
0.00000000
