0.46728516
0.48803711
0.62255859
0.61474609
0.37426758
0.42187500
0.71044922
0.74169922
0.52978516
0.52734375
0.58447266
0.58496094
0.43750000
0.42041016
0.76074219
0.78564453
0.51025391
0.51708984
0.62939453
0.62060547
0.41137695
0.36914062
0.80078125
0.80126953
0.54101562
0.53076172
0.58691406
0.57324219
0.37939453
0.38134766
0.78125000
0.80078125
0.07965088
0.08099365
0.28076172
0.20178223
0.56103516
0.59814453
0.46435547
0.44287109
0.09216309
0.08636475
0.15979004
0.17993164
0.58544922
0.57617188
0.40502930
0.37841797
0.09509277
0.08398438
0.22668457
0.21911621
0.58300781
0.59277344
0.34204102
0.31591797
0.07965088
0.09313965
0.18151855
0.27612305
0.59375000
0.59130859
0.28637695
0.25512695
0.57226562
0.54345703
0.77783203
0.76318359
0.13781738
0.15832520
0.47485352
0.47460938
0.53222656
0.53320312
0.74609375
0.72705078
0.15393066
0.15539551
0.48242188
0.52099609
0.48168945
0.50488281
0.70605469
0.66650391
0.13781738
0.12707520
0.53173828
0.55371094
0.52148438
0.44042969
0.65966797
0.64111328
0.20104980
0.25195312
0.54443359
0.56396484
0.59521484
0.62011719
0.35449219
0.39501953
0.73974609
0.76660156
0.00000000
0.07965088
0.61474609
0.59863281
0.42773438
0.42138672
0.77929688
0.76220703
0.08062744
0.08538818
0.61230469
0.61523438
0.42163086
0.45605469
0.77783203
0.80419922
0.07965088
0.07861328
0.60791016
0.59277344
0.51513672
0.49438477
0.80029297
0.81005859
0.08538818
0.10565186
0.14025879
0.13891602
0.60009766
0.57812500
0.51416016
0.50878906
0.54589844
0.53710938
0.18334961
0.24963379
0.58154297
0.59472656
0.47998047
0.44604492
0.59423828
0.56982422
0.31176758
0.33715820
0.58251953
0.60595703
0.39672852
0.37402344
0.50195312
0.47045898
0.33837891
0.36743164
0.59716797
0.59960938
0.32934570
0.29394531
0.54785156
0.52929688
0.81689453
0.79638672
0.16906738
0.15734863
0.47656250
0.47827148
0.60986328
0.60302734
0.78759766
0.77392578
0.14758301
0.16809082
0.48852539
0.51904297
0.62695312
0.61767578
0.75537109
0.70947266
0.15002441
0.16040039
0.53173828
0.53369141
0.60888672
0.60693359
0.68359375
0.66259766
0.19775391
0.12854004
0.54394531
0.55419922
0.61816406
0.59619141
0.36962891
0.37500000
0.49877930
0.72412109
0.00000000
0.00000000
0.30908203
0.35424805
0.37573242
0.41333008
0.78710938
0.76562500
0.07965088
0.07965088
0.33471680
0.31884766
0.43969727
0.44360352
0.78613281
0.81396484
0.07965088
0.07965088
0.31347656
0.26953125
0.45825195
0.50097656
0.82275391
0.83105469
0.07861328
0.10522461
0.26318359
0.32080078
0.59814453
0.56982422
0.58740234
0.57519531
0.57666016
0.57617188
0.82031250
0.80957031
0.57177734
0.61181641
0.55908203
0.54345703
0.61523438
0.63232422
0.82617188
0.78808594
0.62792969
0.61767578
0.48925781
0.41479492
0.60107422
0.61474609
0.77001953
0.73242188
0.59667969
0.63916016
0.39062500
0.37133789
0.59033203
0.59179688
0.71289062
0.69335938
0.08538818
0.10131836
0.23693848
0.45288086
0.60888672
0.59082031
0.36376953
0.41308594
0.12512207
0.15197754
0.52050781
0.51562500
0.57910156
0.57421875
0.46093750
0.46289062
0.15637207
0.15783691
0.50537109
0.53808594
0.61474609
0.58251953
0.46508789
0.46069336
0.22912598
0.24450684
0.52978516
0.53759766
0.58886719
0.59082031
0.45800781
0.41528320
0.50146484
0.44311523
0.62646484
0.00000000
0.25708008
0.30444336
0.56396484
0.56982422
0.42944336
0.63964844
0.00000000
0.07965088
0.34570312
0.34838867
0.58593750
0.60546875
0.80322266
0.79394531
0.07965088
0.07965088
0.32910156
0.31005859
0.60400391
0.58984375
0.79882812
0.81494141
0.08062744
0.09991455
0.32202148
0.32592773
0.62402344
0.62060547
0.55224609
0.58886719
0.52148438
0.54882812
0.81445312
0.82470703
0.11346436
0.11834717
0.56201172
0.55957031
0.55175781
0.60693359
0.80224609
0.81982422
0.12219238
0.14270020
0.57031250
0.51025391
0.59814453
0.61132812
0.80175781
0.75146484
0.16271973
0.17456055
0.44067383
0.42114258
0.58837891
0.56542969
0.74707031
0.70703125
0.19372559
0.24353027
0.35864258
0.33886719
0.60937500
0.58642578
0.42211914
0.44482422
0.64648438
0.58593750
0.28833008
0.51660156
0.60888672
0.62158203
0.46386719
0.41967773
0.50537109
0.51953125
0.52197266
0.54541016
0.60351562
0.58935547
0.42285156
0.44506836
0.59033203
0.59130859
0.52636719
0.54833984
0.60400391
0.60058594
0.44262695
0.43652344
0.75292969
0.80029297
0.63378906
0.61035156
0.35034180
0.31811523
0.56738281
0.58251953
0.54443359
0.58056641
0.00000000
0.00000000
0.30078125
0.31005859
0.60693359
0.60839844
0.58447266
0.58593750
0.07965088
0.07965088
0.31005859
0.34301758
0.61035156
0.61962891
0.59375000
0.52734375
0.07965088
0.07623291
0.32128906
0.30859375
0.60546875
0.61718750
0.50097656
0.49365234
0.51855469
0.55712891
0.80566406
0.80615234
0.09515381
0.11004639
0.35424805
0.40698242
0.58007812
0.60058594
0.79833984
0.82666016
0.12854004
0.15734863
0.40625000
0.26782227
0.58593750
0.57812500
0.80810547
0.80712891
0.16711426
0.14025879
0.37817383
0.48364258
0.58837891
0.61083984
0.79443359
0.74365234
0.14953613
0.12536621
0.51123047
0.49633789
0.59765625
0.60693359
0.45727539
0.46289062
0.58544922
0.60351562
0.64990234
0.63671875
0.61816406
0.63818359
0.42822266
0.40649414
0.63476562
0.63281250
0.63574219
0.00000000
0.61376953
0.61425781
0.40649414
0.42285156
0.53906250
0.55957031
0.00000000
0.07965088
0.60009766
0.55908203
0.40844727
0.38378906
0.54785156
0.52490234
0.07965088
0.08636475
0.28808594
0.33715820
0.59277344
0.60888672
0.52392578
0.55273438
0.49145508
0.50390625
0.32495117
0.30639648
0.61523438
0.60351562
0.54833984
0.54052734
0.52929688
0.55371094
0.28979492
0.23852539
0.58837891
0.62060547
0.56494141
0.51171875
0.54003906
0.54589844
0.17285156
0.14770508
0.61669922
0.61962891
0.53173828
0.52636719
0.55273438
0.56835938
0.83154297
0.82861328
0.13928223
0.12805176
0.28637695
0.30151367
0.63134766
0.58544922
0.82031250
0.82470703
0.11437988
0.10864258
0.31225586
0.36010742
0.63378906
0.59716797
0.79785156
0.80957031
0.09454346
0.12475586
0.28393555
0.43725586
0.60156250
0.57958984
0.78808594
0.77148438
0.17785645
0.18029785
0.47460938
0.36767578
0.60449219
0.61865234
0.50341797
0.47363281
0.64160156
0.62890625
0.68457031
0.66796875
0.16040039
0.11840820
0.45605469
0.44726562
0.62207031
0.65527344
0.65722656
0.61767578
0.09655762
0.19506836
0.43408203
0.42456055
0.62158203
0.62695312
0.00000000
0.00000000
0.27636719
0.16320801
0.40649414
0.41674805
0.63085938
0.56054688
0.07861328
0.07861328
0.10968018
0.24926758
0.55615234
0.59082031
0.53662109
0.55859375
0.43383789
0.45166016
0.83203125
0.83642578
0.60107422
0.59570312
0.57666016
0.58300781
0.49414062
0.46899414
0.81542969
0.81542969
0.60156250
0.60253906
0.58349609
0.55322266
0.47363281
0.47216797
0.81054688
0.81835938
0.63330078
0.62695312
0.51269531
0.49218750
0.46362305
0.52343750
0.81542969
0.81396484
0.16845703
0.14270020
0.37158203
0.35229492
0.65771484
0.63818359
0.54980469
0.55712891
0.14904785
0.15197754
0.38403320
0.37890625
0.63916016
0.61669922
0.52441406
0.47973633
0.14025879
0.10424805
0.26782227
0.24902344
0.60449219
0.61279297
0.46704102
0.41577148
0.14123535
0.21386719
0.33398438
0.34960938
0.58154297
0.59814453
0.43188477
0.40405273
0.62695312
0.60351562
0.69970703
0.67236328
0.25048828
0.25488281
0.52539062
0.56640625
0.64111328
0.64648438
0.66162109
0.64892578
0.24304199
0.17395020
0.57617188
0.59716797
0.64843750
0.66113281
0.61279297
0.00000000
0.11340332
0.11065674
0.61669922
0.61035156
0.64013672
0.62500000
0.00000000
0.11340332
0.10864258
0.15295410
0.62060547
0.61425781
0.57958984
0.58789062
0.36303711
0.41455078
0.44433594
0.53759766
0.19323730
0.18762207
0.54296875
0.52197266
0.43115234
0.43554688
0.78955078
0.82812500
0.17150879
0.15002441
0.53662109
0.55712891
0.41308594
0.41113281
0.80859375
0.80371094
0.13684082
0.13732910
0.53564453
0.54589844
0.46801758
0.54687500
0.80566406
0.78955078
0.14660645
0.17248535
0.24731445
0.27075195
0.65283203
0.63623047
0.57714844
0.56689453
0.68505859
0.65966797
0.24182129
0.28564453
0.64892578
0.62255859
0.55517578
0.54882812
0.64746094
0.64404297
0.28613281
0.19213867
0.58886719
0.61035156
0.52539062
0.49682617
0.64160156
0.59375000
0.18090820
0.39648438
0.62500000
0.62646484
0.43676758
0.46972656
0.62060547
0.62451172
0.72753906
0.69189453
0.23913574
0.26928711
0.53417969
0.53515625
0.58349609
0.59570312
0.68701172
0.68408203
0.28027344
0.26733398
0.56347656
0.58984375
0.58349609
0.56494141
0.63867188
0.60107422
0.27294922
0.23901367
0.58007812
0.58398438
0.56005859
0.57568359
0.00000000
0.00000000
0.15881348
0.14758301
0.59423828
0.61962891
0.59619141
0.56494141
0.37841797
0.40771484
0.46899414
0.42529297
0.14123535
0.17346191
0.19104004
0.34350586
0.38208008
0.39770508
0.39990234
0.63525391
0.15637207
0.15539551
0.37036133
0.33520508
0.38574219
0.38671875
0.82568359
0.79003906
0.16076660
0.16479492
0.35473633
0.28710938
0.52734375
0.69335938
0.80810547
0.80761719
0.17993164
0.19299316
0.26245117
0.22912598
0.66796875
0.65039062
0.55859375
0.57177734
0.70800781
0.70751953
0.75244141
0.74267578
0.63330078
0.63623047
0.56445312
0.57666016
0.69140625
0.69091797
0.73535156
0.70996094
0.65087891
0.65576172
0.56591797
0.55029297
0.68652344
0.66259766
0.70019531
0.67236328
0.63183594
0.63378906
0.52929688
0.50781250
0.64843750
0.64257812
0.65185547
0.00000000
0.28369141
0.29418945
0.49340820
0.51757812
0.61035156
0.60498047
0.38256836
0.39721680
0.27978516
0.28271484
0.54150391
0.54003906
0.57958984
0.59228516
0.37207031
0.38427734
0.31518555
0.33569336
0.54931641
0.55468750
0.60986328
0.62011719
0.37231445
0.35180664
0.25634766
0.19580078
0.58642578
0.60498047
0.61474609
0.63232422
0.55273438
0.75390625
0.45947266
0.43774414
0.13049316
0.13684082
0.30371094
0.18762207
0.61816406
0.62158203
0.38818359
0.32324219
0.16369629
0.19494629
0.29077148
0.32373047
0.59521484
0.59619141
0.55419922
0.81689453
0.19970703
0.21020508
0.29736328
0.20935059
0.60742188
0.62792969
0.80273438
0.80371094
0.20275879
0.21093750
0.23120117
0.29736328
0.62207031
0.59423828
0.58056641
0.57666016
0.70800781
0.68847656
0.76806641
0.75927734
0.18127441
0.20385742
0.58154297
0.55712891
0.69873047
0.69091797
0.76123047
0.74023438
0.25854492
0.32739258
0.56689453
0.56787109
0.68408203
0.68505859
0.72070312
0.67529297
0.33789062
0.32055664
0.55322266
0.50048828
0.66650391
0.60595703
0.67285156
0.64990234
0.30957031
0.26245117
0.47265625
0.50585938
0.61718750
0.61718750
0.40185547
0.37841797
0.35302734
0.33593750
0.50195312
0.47949219
0.61767578
0.59326172
0.36499023
0.37500000
0.31347656
0.32104492
0.50146484
0.52392578
0.62500000
0.61035156
0.36791992
0.31909180
0.31396484
0.65234375
0.52929688
0.57861328
0.59277344
0.60302734
0.44165039
0.64697266
0.83642578
0.79931641
0.12237549
0.18322754
0.26440430
0.20764160
0.60058594
0.60595703
0.54541016
0.55224609
0.17553711
0.15734863
0.17590332
0.17163086
0.59716797
0.57275391
0.52978516
0.54931641
0.12573242
0.13110352
0.16918945
0.17492676
0.57763672
0.63281250
0.53662109
0.55322266
0.16271973
0.16467285
0.21154785
0.18029785
0.61816406
0.61962891
0.51953125
0.54052734
0.65966797
0.55029297
0.79003906
0.78515625
0.27246094
0.28881836
0.36718750
0.49414062
0.54833984
0.58056641
0.77539062
0.76220703
0.30444336
0.30297852
0.49267578
0.50976562
0.57861328
0.56054688
0.78759766
0.77197266
0.28881836
0.30151367
0.52294922
0.54931641
0.52246094
0.46264648
0.72509766
0.70751953
0.28955078
0.25512695
0.54492188
0.56640625
0.52294922
0.57031250
0.54589844
0.53955078
0.43896484
0.52050781
0.80810547
0.79443359
0.58642578
0.57226562
0.49975586
0.47900391
0.54345703
0.52246094
0.78710938
0.77294922
0.56445312
0.58447266
0.47607422
0.41723633
0.50830078
0.54003906
0.76611328
0.74560547
0.57421875
0.56884766
0.40649414
0.39721680
0.52978516
0.48437500
0.72216797
0.70214844
0.08978271
0.11798096
0.38256836
0.41381836
0.61718750
0.61132812
0.25219727
0.26538086
0.10626221
0.12707520
0.44262695
0.46118164
0.61718750
0.60400391
0.26879883
0.28662109
0.11975098
0.14562988
0.46191406
0.48144531
0.58105469
0.60205078
0.33325195
0.38793945
0.15295410
0.14221191
0.48046875
0.52783203
0.62695312
0.60156250
0.42114258
0.42358398
0.39770508
0.56787109
0.63720703
0.61132812
0.23352051
0.21582031
0.57812500
0.57324219
0.67919922
0.70996094
0.56201172
0.00000000
0.21569824
0.23498535
0.58447266
0.56347656
0.71826172
0.73046875
0.00000000
0.07965088
0.22937012
0.18029785
0.57275391
0.59082031
0.75000000
0.77001953
0.07965088
0.07965088
0.15441895
0.17895508
0.59863281
0.57568359
0.58740234
0.58789062
0.48999023
0.52783203
0.81933594
0.82226562
0.09112549
0.08398438
0.56542969
0.57275391
0.49511719
0.47924805
0.80224609
0.80517578
0.07965088
0.13293457
0.52978516
0.47509766
0.52783203
0.52636719
0.79785156
0.79589844
0.17822266
0.16613770
0.46533203
0.43481445
0.57031250
0.52197266
0.79736328
0.76464844
0.15002441
0.16174316
0.34765625
0.23449707
0.64062500
0.61230469
0.28125000
0.27758789
0.48608398
0.47436523
0.35888672
0.47802734
0.59179688
0.61962891
0.28662109
0.31103516
0.41967773
0.46508789
0.46313477
0.47216797
0.63134766
0.62011719
0.34619141
0.37451172
0.67333984
0.76220703
0.46850586
0.51171875
0.62353516
0.63037109
0.39868164
0.44262695
0.75390625
0.76953125
0.64355469
0.62353516
0.14123535
0.16809082
0.55468750
0.56835938
0.58154297
0.58447266
0.61181641
0.57812500
0.15344238
0.14904785
0.57373047
0.57714844
0.58593750
0.55078125
0.00000000
0.00000000
0.16271973
0.17285156
0.59179688
0.59863281
0.52929688
0.54687500
0.07965088
0.07965088
0.23815918
0.27954102
0.58349609
0.61474609
0.53710938
0.49267578
0.48706055
0.51220703
0.82324219
0.82373047
0.13488770
0.13586426
0.35693359
0.39770508
0.55908203
0.58007812
0.81640625
0.80175781
0.12316895
0.12475586
0.42211914
0.26220703
0.56835938
0.57568359
0.81347656
0.80761719
0.11499023
0.12805176
0.28515625
0.49072266
0.60058594
0.59033203
0.80957031
0.77587891
0.13928223
0.15637207
0.52148438
0.50390625
0.63427734
0.59716797
0.31030273
0.30859375
0.63134766
0.58300781
0.66845703
0.65429688
0.62109375
0.63330078
0.32153320
0.33129883
0.50830078
0.45605469
0.63574219
0.63037109
0.59814453
0.57617188
0.35424805
0.39184570
0.44726562
0.43334961
0.62255859
0.00000000
0.58251953
0.60156250
0.41894531
0.42944336
0.56933594
0.77783203
0.00000000
0.07965088
0.26147461
0.21459961
0.57080078
0.56835938
0.58789062
0.57373047
0.43725586
0.53417969
0.18896484
0.26586914
0.59619141
0.58642578
0.55468750
0.56787109
0.55761719
0.51416016
0.31738281
0.33374023
0.60205078
0.61035156
0.55371094
0.58300781
0.54736328
0.56103516
0.36669922
0.35522461
0.60546875
0.59082031
0.55664062
0.52490234
0.58007812
0.61865234
0.81738281
0.82373047
0.15734863
0.18078613
0.31591797
0.30786133
0.60644531
0.62500000
0.79394531
0.81640625
0.13354492
0.10229492
0.25195312
0.21472168
0.61230469
0.62500000
0.82910156
0.81689453
0.11779785
0.08538818
0.43896484
0.30566406
0.65039062
0.64599609
0.81933594
0.82519531
0.10327148
0.15197754
0.36352539
0.50146484
0.61132812
0.60986328
0.37451172
0.37426758
0.62255859
0.64160156
0.71191406
0.70556641
0.26708984
0.29443359
0.38916016
0.36669922
0.52783203
0.58691406
0.66894531
0.65917969
0.30468750
0.31616211
0.39794922
0.43408203
0.63623047
0.56347656
0.64404297
0.60986328
0.30859375
0.27050781
0.42041016
0.43188477
0.47631836
0.48876953
0.00000000
0.00000000
0.25097656
0.30908203
0.54882812
0.57080078
0.56494141
0.56591797
0.40917969
0.43481445
0.81542969
0.82080078
0.57470703
0.56298828
0.56005859
0.54980469
0.43774414
0.48730469
0.81982422
0.80664062
0.56884766
0.58544922
0.56445312
0.55517578
0.52392578
0.56396484
0.81835938
0.80078125
0.57812500
0.60595703
0.57666016
0.56982422
0.56396484
0.57324219
0.80810547
0.80273438
0.09411621
0.13928223
0.30566406
0.26293945
0.63134766
0.64794922
0.46508789
0.44262695
0.17004395
0.10626221
0.23364258
0.30883789
0.62500000
0.59521484
0.43359375
0.44091797
0.08636475
0.09356689
0.31762695
0.41821289
0.62451172
0.60595703
0.42285156
0.43261719
0.12036133
0.15100098
0.36035156
0.27880859
0.59765625
0.61376953
0.43530273
0.45336914
0.64062500
0.68652344
0.74023438
0.71875000
0.16748047
0.23876953
0.52441406
0.55810547
0.67529297
0.66552734
0.66992188
0.67773438
0.28369141
0.34301758
0.60107422
0.58203125
0.58447266
0.58300781
0.66845703
0.63623047
0.34008789
0.34179688
0.57714844
0.55126953
0.58398438
0.58447266
0.62597656
0.00000000
0.37060547
0.32934570
0.59570312
0.62841797
0.56152344
0.56835938
0.42260742
0.41577148
0.68505859
0.82519531
0.09112549
0.12707520
0.58642578
0.54443359
0.39819336
0.47387695
0.80322266
0.81689453
0.14221191
0.13146973
0.54052734
0.56591797
0.50634766
0.53125000
0.81054688
0.81347656
0.11877441
0.10424805
0.54589844
0.53564453
0.55371094
0.59326172
0.81982422
0.82275391
0.10565186
0.14428711
0.23083496
0.34228516
0.64599609
0.61572266
0.51416016
0.51855469
0.60058594
0.58984375
0.33154297
0.31860352
0.63476562
0.61718750
0.48950195
0.48779297
0.62988281
0.71923828
0.35156250
0.37646484
0.62255859
0.59570312
0.47192383
0.45214844
0.68652344
0.61572266
0.40014648
0.39941406
0.60595703
0.62988281
0.44799805
0.43994141
0.62402344
0.68017578
0.76025391
0.72949219
0.18945312
0.16369629
0.44604492
0.49218750
0.55810547
0.57080078
0.69726562
0.68847656
0.16174316
0.15209961
0.49291992
0.55322266
0.56591797
0.53027344
0.66064453
0.67431641
0.11840820
0.13793945
0.57324219
0.61669922
0.55859375
0.52148438
0.64990234
0.60595703
0.23962402
0.27124023
0.61230469
0.59619141
0.54541016
0.54785156
0.40625000
0.37597656
0.51855469
0.50732422
0.09655762
0.13244629
0.23718262
0.19384766
0.37573242
0.44580078
0.52441406
0.77783203
0.16064453
0.19909668
0.33422852
0.35180664
0.43896484
0.44946289
0.86083984
0.83984375
0.15002441
0.14758301
0.35302734
0.33715820
0.45214844
0.49462891
0.80078125
0.80126953
0.13586426
0.13391113
0.34692383
0.31933594
0.62304688
0.53466797
0.51611328
0.53759766
0.58349609
0.59423828
0.80566406
0.77197266
0.59423828
0.61376953
0.51367188
0.52197266
0.60742188
0.64013672
0.74609375
0.72167969
0.64160156
0.61181641
0.55371094
0.53564453
0.64550781
0.61181641
0.70507812
0.68457031
0.59130859
0.61865234
0.52294922
0.47680664
0.64257812
0.66308594
0.65332031
0.64013672
0.23925781
0.21069336
0.37573242
0.37939453
0.60351562
0.60302734
0.35449219
0.37133789
0.23010254
0.25292969
0.41381836
0.53271484
0.59130859
0.59277344
0.35864258
0.38671875
0.25781250
0.24060059
0.53808594
0.55517578
0.57373047
0.55761719
0.37768555
0.42724609
0.18408203
0.11346436
0.57666016
0.59277344
0.54248047
0.50732422
0.46313477
0.47265625
0.62792969
0.57617188
0.07623291
0.10583496
0.28930664
0.28295898
0.63183594
0.63574219
0.56347656
0.51953125
0.12951660
0.14562988
0.26000977
0.28222656
0.65039062
0.62060547
0.46777344
0.70507812
0.19726562
0.17248535
0.29614258
0.29077148
0.64062500
0.65722656
0.84423828
0.82275391
0.15295410
0.13928223
0.29125977
0.29833984
0.63476562
0.64160156
0.59130859
0.52685547
0.58642578
0.57666016
0.78906250
0.79003906
0.18029785
0.20544434
0.53222656
0.56250000
0.60546875
0.61621094
0.78515625
0.75097656
0.21228027
0.22741699
0.55712891
0.57910156
0.65380859
0.64843750
0.73291016
0.70410156
0.23046875
0.24182129
0.54394531
0.50146484
0.62304688
0.63378906
0.66894531
0.65869141
0.25756836
0.25390625
0.46166992
0.44628906
0.62451172
0.60302734
0.43798828
0.40844727
0.62744141
0.64062500
0.47778320
0.52734375
0.61865234
0.59326172
0.35595703
0.35546875
0.57666016
0.55078125
0.54345703
0.55273438
0.58203125
0.56103516
0.39135742
0.39599609
0.50292969
0.44775391
0.55761719
0.60205078
0.56445312
0.55273438
0.38891602
0.42187500
0.43457031
0.72412109
0.15002441
0.13684082
0.20312500
0.23608398
0.62597656
0.63281250
0.56201172
0.57958984
0.11297607
0.11102295
0.21496582
0.20935059
0.64013672
0.65234375
0.60888672
0.57861328
0.14562988
0.17443848
0.25000000
0.35766602
0.65966797
0.65966797
0.58740234
0.59521484
0.16711426
0.17150879
0.35229492
0.31884766
0.64404297
0.64257812
0.54150391
0.55126953
0.76123047
0.73730469
0.81640625
0.78466797
0.21118164
0.23779297
0.25708008
0.42993164
0.70605469
0.68554688
0.78027344
0.76562500
0.24584961
0.23876953
0.48291016
0.47900391
0.69726562
0.71044922
0.75341797
0.72509766
0.26049805
0.28247070
0.51562500
0.52636719
0.68164062
0.66796875
0.71875000
0.70117188
0.29638672
0.28344727
0.53271484
0.58056641
0.63769531
0.62060547
0.45629883
0.43139648
0.58789062
0.57714844
0.00000000
0.11358643
0.63134766
0.62548828
0.39770508
0.43017578
0.53369141
0.51855469
0.15637207
0.13928223
0.61083984
0.62353516
0.41918945
0.39428711
0.51074219
0.47192383
0.12310791
0.13928223
0.59960938
0.57421875
0.37890625
0.37817383
0.41577148
0.35815430
0.18273926
0.17541504
0.23889160
0.25537109
0.58886719
0.57617188
0.57177734
0.59765625
0.81689453
0.80664062
0.25781250
0.27929688
0.62841797
0.63916016
0.60302734
0.59228516
0.78759766
0.76416016
0.25708008
0.17150879
0.65039062
0.63085938
0.58496094
0.58691406
0.74267578
0.71679688
0.34033203
0.37329102
0.63232422
0.62304688
0.55664062
0.56738281
0.71142578
0.69335938
0.79248047
0.80273438
0.20886230
0.27026367
0.24145508
0.34912109
0.61767578
0.63623047
0.79199219
0.76025391
0.27612305
0.27612305
0.29785156
0.44970703
0.62207031
0.59082031
0.76416016
0.78027344
0.23620605
0.21533203
0.48632812
0.47851562
0.58056641
0.60839844
0.76806641
0.73193359
0.23852539
0.26440430
0.48071289
0.47900391
0.60400391
0.55468750
0.43115234
0.47192383
0.57910156
0.50146484
0.00000000
0.00000000
0.25439453
0.20385742
0.45996094
0.41552734
0.44116211
0.41674805
0.12469482
0.10528564
0.22741699
0.32226562
0.37866211
0.36376953
0.39819336
0.38574219
0.16809082
0.15295410
0.32958984
0.31542969
0.37158203
0.36132812
0.36596680
0.33129883
0.14953613
0.15832520
0.18908691
0.20117188
0.59033203
0.58203125
0.60595703
0.60400391
0.72119141
0.77929688
0.79931641
0.79980469
0.57617188
0.56982422
0.59130859
0.57324219
0.80664062
0.80029297
0.80419922
0.80419922
0.59960938
0.60693359
0.57861328
0.56347656
0.73925781
0.63916016
0.78613281
0.76708984
0.61181641
0.58398438
0.58105469
0.58496094
0.59960938
0.62646484
0.76611328
0.77490234
0.16845703
0.16906738
0.10565186
0.11340332
0.63818359
0.63330078
0.51367188
0.44287109
0.17687988
0.18420410
0.17089844
0.27636719
0.64257812
0.62597656
0.45434570
0.43432617
0.24255371
0.26440430
0.38134766
0.49218750
0.61962891
0.63720703
0.37353516
0.37646484
0.29370117
0.30932617
0.49414062
0.53369141
0.63427734
0.60546875
0.37670898
0.33837891
0.42773438
0.41064453
0.67822266
0.00000000
0.20996094
0.21826172
0.57861328
0.57910156
0.37695312
0.32885742
0.00000000
0.20141602
0.24462891
0.28173828
0.60205078
0.60107422
0.32763672
0.32958984
0.17504883
0.12237549
0.29760742
0.27929688
0.59277344
0.58691406
0.32177734
0.30444336
0.15197754
0.19287109
0.23352051
0.19641113
0.59082031
0.58789062
0.57324219
0.59423828
0.36865234
0.33227539
0.46240234
0.44311523
0.70703125
0.67187500
0.58642578
0.58007812
0.29199219
0.24462891
0.47656250
0.41894531
0.65087891
0.63720703
0.60839844
0.61376953
0.25903320
0.25561523
0.49877930
0.65820312
0.62451172
0.60058594
0.63134766
0.60498047
0.25463867
0.26928711
0.66406250
0.67724609
0.55273438
0.00000000
0.12756348
0.13586426
0.54199219
0.53320312
0.59863281
0.62597656
0.42309570
0.45068359
0.21557617
0.25024414
0.53710938
0.54492188
0.62744141
0.59521484
0.41088867
0.40307617
0.24890137
0.23315430
0.56250000
0.55517578
0.57226562
0.56542969
0.40600586
0.43383789
0.23413086
0.26928711
0.56005859
0.57617188
0.54052734
0.52783203
0.48706055
0.52783203
0.79296875
0.78710938
0.07965088
0.08636475
0.27099609
0.31152344
0.59326172
0.56933594
0.81884766
0.81542969
0.08398438
0.08679199
0.30517578
0.27954102
0.58154297
0.58300781
0.79394531
0.80664062
0.10864258
0.09411621
0.18298340
0.32983398
0.60937500
0.61035156
0.80371094
0.79785156
0.08874512
0.11157227
0.45434570
0.44311523
0.58691406
0.62988281
0.38232422
0.36181641
0.48779297
0.53076172
0.73925781
0.70947266
0.17053223
0.15100098
0.30126953
0.28540039
0.56152344
0.51953125
0.66259766
0.64550781
0.12951660
0.14465332
0.27978516
0.26196289
0.48022461
0.45043945
0.65234375
0.63427734
0.20605469
0.20715332
0.25854492
0.28637695
0.43725586
0.60546875
0.64062500
0.58496094
0.19445801
0.24584961
0.52978516
0.54199219
0.62402344
0.60986328
0.42578125
0.42993164
0.78417969
0.80322266
0.55712891
0.54492188
0.60986328
0.60205078
0.42700195
0.51416016
0.81787109
0.82714844
0.53271484
0.55078125
0.58544922
0.57031250
0.53759766
0.54638672
0.82128906
0.82324219
0.59814453
0.58935547
0.60107422
0.57910156
0.58154297
0.57958984
0.81201172
0.80419922
0.07965088
0.07965088
0.31127930
0.29565430
0.64013672
0.61718750
0.46704102
0.40405273
0.07965088
0.10766602
0.31347656
0.36718750
0.63964844
0.62841797
0.36962891
0.35009766
0.11877441
0.09753418
0.39086914
0.40551758
0.59716797
0.63574219
0.28955078
0.27905273
0.09515381
0.12274170
0.33862305
0.23596191
0.63574219
0.63134766
0.28979492
0.32324219
0.58105469
0.57177734
0.77490234
0.72998047
0.17443848
0.15490723
0.51757812
0.53662109
0.53271484
0.52636719
0.70751953
0.68408203
0.20678711
0.25927734
0.55810547
0.53759766
0.57470703
0.54541016
0.68164062
0.67431641
0.20654297
0.14855957
0.55615234
0.58837891
0.47290039
0.46582031
0.63867188
0.62353516
0.19812012
0.26147461
0.57519531
0.58105469
0.63037109
0.58105469
0.43725586
0.45556641
0.79052734
0.80664062
0.07965088
0.07965088
0.60205078
0.61328125
0.44238281
0.42895508
0.81933594
0.80761719
0.07861328
0.08398438
0.59765625
0.57568359
0.48583984
0.50000000
0.82373047
0.82519531
0.14221191
0.17150879
0.55908203
0.58837891
0.51708984
0.55371094
0.81250000
0.80859375
0.13928223
0.08776855
0.33227539
0.32080078
0.61621094
0.60742188
0.57958984
0.50244141
0.60595703
0.61669922
0.31250000
0.34130859
0.59960938
0.61962891
0.42114258
0.38525391
0.58984375
0.53466797
0.30029297
0.27490234
0.60009766
0.62158203
0.38061523
0.35302734
0.62548828
0.66162109
0.32641602
0.32519531
0.58398438
0.61181641
0.33325195
0.33911133
0.55615234
0.55078125
0.81884766
0.78417969
0.15979004
0.16918945
0.52880859
0.53369141
0.62011719
0.58935547
0.75292969
0.72460938
0.16955566
0.23144531
0.51904297
0.49072266
0.61474609
0.59814453
0.71191406
0.69042969
0.25463867
0.27734375
0.53564453
0.55712891
0.59179688
0.55664062
0.66601562
0.62304688
0.29174805
0.23950195
0.58740234
0.59228516
0.55273438
0.59179688
0.45312500
0.45581055
0.54541016
0.69189453
0.07965088
0.07965088
0.32617188
0.31884766
0.42138672
0.44897461
0.80419922
0.81445312
0.08062744
0.08978271
0.31860352
0.28881836
0.44262695
0.41845703
0.81250000
0.82421875
0.10186768
0.15734863
0.30566406
0.37548828
0.45385742
0.52294922
0.80761719
0.82470703
0.16809082
0.13488770
0.31298828
0.22570801
0.61035156
0.59912109
0.59033203
0.56787109
0.60693359
0.61083984
0.80664062
0.78759766
0.59863281
0.61328125
0.50390625
0.48071289
0.61132812
0.60937500
0.77392578
0.76318359
0.61914062
0.61132812
0.45068359
0.42993164
0.61132812
0.63232422
0.72998047
0.70312500
0.63427734
0.61816406
0.39086914
0.40332031
0.64697266
0.57861328
0.69873047
0.68798828
0.15344238
0.16711426
0.48730469
0.51416016
0.61669922
0.58105469
0.43994141
0.43310547
0.17980957
0.21191406
0.50146484
0.53173828
0.58691406
0.59570312
0.42602539
0.43017578
0.24755859
0.28662109
0.55224609
0.55664062
0.58251953
0.55224609
0.44799805
0.39624023
0.30224609
0.30517578
0.59033203
0.57324219
0.59277344
0.54394531
0.44189453
0.46142578
0.53125000
0.55517578
0.00000000
0.07965088
0.29125977
0.31518555
0.59667969
0.61669922
0.54687500
0.60351562
0.07965088
0.08062744
0.31030273
0.32568359
0.61279297
0.60302734
0.81396484
0.82031250
0.07965088
0.10229492
0.31494141
0.25903320
0.60986328
0.61914062
0.80908203
0.79785156
0.13684082
0.14318848
0.25830078
0.33740234
0.62158203
0.60449219
0.57470703
0.53271484
0.58056641
0.56689453
0.79785156
0.80712891
0.14904785
0.11401367
0.52783203
0.51025391
0.55664062
0.55712891
0.80566406
0.78027344
0.08776855
0.13452148
0.49780273
0.50244141
0.57617188
0.60888672
0.76123047
0.73144531
0.16650391
0.14221191
0.47363281
0.46166992
0.68945312
0.71337891
0.69677734
0.68847656
0.11645508
0.14758301
0.27294922
0.38964844
0.63183594
0.61669922
0.41186523
0.35961914
0.61865234
0.56103516
0.41308594
0.45043945
0.62744141
0.58837891
0.38085938
0.39306641
0.60400391
0.56640625
0.53808594
0.58496094
0.55273438
0.55322266
0.37548828
0.41015625
0.49804688
0.52636719
0.52050781
0.56250000
0.56347656
0.54882812
0.38964844
0.36450195
0.69091797
0.82958984
0.00000000
0.00000000
0.26245117
0.17187500
0.58593750
0.58593750
0.57031250
0.58935547
0.07965088
0.07861328
0.08978271
0.18029785
0.60839844
0.61962891
0.54492188
0.53906250
0.08978271
0.11676025
0.13452148
0.23779297
0.62841797
0.60937500
0.52929688
0.53173828
0.15100098
0.16516113
0.34545898
0.33813477
0.61523438
0.63281250
0.51171875
0.50683594
0.50976562
0.50048828
0.79980469
0.82617188
0.13928223
0.12469482
0.27807617
0.26464844
0.50146484
0.53222656
0.78710938
0.79101562
0.15197754
0.16516113
0.39404297
0.46899414
0.57910156
0.61718750
0.78173828
0.74316406
0.17150879
0.15881348
0.44824219
0.35522461
0.60644531
0.62402344
0.74316406
0.71484375
0.16516113
0.19470215
0.41113281
0.51220703
0.59814453
0.60937500
0.48681641
0.46240234
0.65576172
0.64648438
0.64208984
0.00000000
0.60888672
0.58789062
0.46679688
0.43383789
0.65722656
0.63476562
0.00000000
0.08978271
0.60791016
0.58691406
0.39916992
0.35253906
0.56591797
0.52734375
0.07965088
0.09851074
0.57128906
0.56103516
0.35937500
0.38232422
0.52148438
0.49584961
0.12707520
0.15002441
0.10626221
0.22998047
0.60546875
0.60009766
0.54150391
0.54150391
0.44677734
0.43798828
0.13854980
0.13549805
0.60400391
0.61669922
0.50976562
0.51953125
0.46069336
0.48852539
0.25048828
0.28906250
0.61230469
0.63720703
0.55078125
0.53759766
0.52929688
0.56787109
0.25415039
0.32958984
0.62353516
0.61425781
0.53222656
0.53613281
0.61474609
0.62841797
0.80029297
0.79833984
0.13928223
0.13830566
0.32299805
0.28027344
0.59667969
0.59082031
0.81005859
0.79736328
0.12310791
0.16076660
0.26196289
0.38867188
0.60888672
0.61865234
0.79443359
0.78173828
0.21093750
0.21435547
0.38159180
0.42773438
0.62255859
0.60644531
0.76123047
0.74169922
0.19824219
0.23413086
0.39794922
0.48315430
0.60693359
0.62158203
0.46728516
0.44824219
0.63183594
0.63525391
0.65527344
0.60839844
0.26538086
0.19238281
0.42309570
0.45507812
0.65283203
0.58740234
0.00000000
0.00000000
0.11059570
0.12609863
0.41894531
0.36230469
0.62646484
0.66308594
0.12609863
0.10925293
0.19042969
0.29077148
0.37768555
0.38208008
0.58984375
0.54882812
0.11199951
0.12078857
0.23681641
0.20178223
0.61425781
0.62011719
0.53173828
0.58935547
0.40991211
0.38916016
0.82226562
0.81298828
0.62402344
0.59277344
0.55859375
0.53662109
0.44384766
0.53857422
0.80078125
0.79980469
0.61865234
0.62353516
0.53857422
0.54492188
0.62890625
0.67187500
0.79003906
0.79052734
0.64697266
0.62988281
0.57617188
0.58349609
0.65917969
0.66503906
0.76708984
0.77441406
0.15979004
0.14697266
0.30346680
0.32128906
0.63330078
0.62646484
0.54345703
0.52978516
0.14660645
0.16271973
0.23107910
0.15844727
0.61621094
0.66113281
0.51416016
0.50683594
0.17248535
0.20593262
0.28808594
0.45336914
0.62548828
0.62304688
0.48095703
0.42822266
0.22644043
0.20788574
0.47070312
0.47045898
0.62988281
0.62158203
0.42602539
0.40551758
0.62988281
0.64501953
0.69775391
0.64794922
0.30029297
0.30639648
0.57958984
0.57373047
0.64697266
0.63769531
0.63916016
0.00000000
0.25439453
0.20556641
0.57812500
0.60498047
0.64160156
0.62207031
0.00000000
0.13146973
0.21752930
0.25634766
0.62402344
0.64208984
0.59375000
0.53613281
0.15197754
0.11004639
0.28295898
0.26928711
0.63183594
0.64697266
0.58593750
0.61035156
0.38964844
0.36718750
0.56787109
0.82031250
0.17980957
0.19189453
0.59423828
0.60644531
0.43872070
0.70312500
0.79882812
0.80712891
0.19433594
0.19238281
0.60498047
0.58056641
0.81005859
0.82568359
0.82568359
0.80371094
0.18859863
0.21264648
0.61669922
0.59619141
0.76171875
0.73535156
0.77099609
0.77001953
0.23754883
0.27685547
0.33886719
0.32104492
0.61523438
0.66064453
0.56396484
0.55908203
0.69140625
0.68994141
0.27587891
0.31591797
0.64453125
0.60156250
0.57861328
0.51464844
0.66455078
0.64013672
0.23986816
0.31762695
0.62402344
0.64355469
0.43676758
0.48193359
0.61621094
0.56982422
0.36035156
0.48413086
0.63671875
0.60644531
0.45678711
0.40478516
0.51318359
0.47070312
0.69531250
0.70605469
0.30322266
0.30957031
0.44848633
0.52685547
0.59570312
0.61962891
0.67529297
0.64599609
0.28710938
0.25683594
0.55224609
0.59082031
0.62841797
0.61376953
0.00000000
0.00000000
0.22131348
0.23437500
0.58300781
0.57763672
0.60400391
0.56787109
0.08300781
0.13891602
0.18859863
0.25634766
0.59716797
0.61230469
0.60937500
0.58984375
0.37500000
0.33618164
0.29833984
0.57519531
0.17004395
0.18457031
0.22705078
0.19946289
0.40161133
0.63183594
0.81591797
0.81396484
0.20788574
0.18420410
0.16479492
0.13684082
0.74023438
0.78955078
0.81152344
0.79736328
0.20751953
0.24047852
0.12078857
0.15441895
0.79736328
0.80273438
0.79833984
0.79248047
0.23718262
0.19580078
0.30102539
0.28076172
0.60058594
0.62500000
0.56591797
0.56054688
0.65429688
0.64111328
0.76074219
0.71972656
0.62744141
0.59912109
0.55859375
0.55615234
0.62988281
0.58984375
0.70605469
0.69775391
0.60693359
0.64160156
0.48242188
0.44067383
0.54785156
0.50195312
0.66162109
0.00000000
0.64111328
0.61669922
0.45336914
0.43701172
0.45922852
0.38281250
0.00000000
0.18188477
0.31787109
0.34497070
0.52734375
0.50976562
0.61962891
0.63330078
0.34350586
0.32885742
0.33789062
0.27563477
0.54199219
0.54296875
0.62548828
0.59863281
0.31909180
0.45483398
0.22949219
0.24829102
0.56933594
0.57324219
0.59033203
0.59765625
0.56445312
0.65478516
0.19555664
0.21972656
0.60302734
0.58007812
0.61474609
0.60937500
0.71142578
0.72021484
0.27392578
0.40966797
0.17443848
0.14428711
0.17492676
0.22839355
0.57421875
0.60644531
0.77978516
0.81494141
0.13977051
0.17346191
0.25097656
0.31323242
0.62597656
0.62353516
0.80224609
0.80371094
0.22973633
0.24389648
0.22631836
0.21862793
0.64990234
0.63085938
0.80371094
0.82666016
0.21655273
0.22155762
0.23754883
0.15502930
0.61279297
0.61523438
0.59912109
0.00000000
0.32519531
0.00000000
0.68798828
0.00000000
0.00000000
0.00000000
0.00000000
0.00000000
0.00000000
0.00000000
0.00000000
0.00000000
0.00000000
0.00000000
0.00000000
0.00000000
0.00000000
0.00000000
0.00000000
0.00000000
0.00000000
0.00000000
0.00000000
0.00000000
0.00000000
0.00000000
0.00000000
0.00000000
0.00000000
0.00000000
0.31933594
0.00000000
0.57080078
0.00000000
0.48657227
0.00000000
0.54638672
0.00000000
0.00000000
0.00000000
0.00000000
0.00000000
0.00000000
0.00000000
0.00000000
0.00000000
0.00000000
0.00000000
0.00000000
0.00000000
0.00000000
0.00000000
0.00000000
0.00000000
0.00000000
0.00000000
0.00000000
0.00000000
0.00000000
0.00000000
0.00000000
0.00000000
0.78808594
0.00000000
0.13049316
0.00000000
0.46411133
0.00000000
0.62207031
0.00000000
0.00000000
0.00000000
0.00000000
0.00000000
0.00000000
0.00000000
0.00000000
0.00000000
0.00000000
0.00000000
0.00000000
0.00000000
0.00000000
0.00000000
0.00000000
0.00000000
0.00000000
0.00000000
0.00000000
0.00000000
0.00000000
0.00000000
0.00000000
0.00000000
0.33691406
0.00000000
0.72705078
0.00000000
0.00000000
0.00000000
0.19482422
0.00000000
0.00000000
0.00000000
0.00000000
0.00000000
0.00000000
0.00000000
0.00000000
0.00000000
0.00000000
0.00000000
0.00000000
0.00000000
0.00000000
0.00000000
0.00000000
0.00000000
0.00000000
0.00000000
0.00000000
0.00000000
0.00000000
0.00000000
0.00000000
0.00000000
0.58056641
0.00000000
0.52294922
0.00000000
0.54101562
0.00000000
0.82470703
0.00000000
0.00000000
0.00000000
0.00000000
0.00000000
0.00000000
0.00000000
0.00000000
0.00000000
0.00000000
0.00000000
0.00000000
0.00000000
0.00000000
0.00000000
0.00000000
0.00000000
0.00000000
0.00000000
0.00000000
0.00000000
0.00000000
0.00000000
0.00000000
0.00000000
0.16271973
0.00000000
0.42553711
0.00000000
0.64257812
0.00000000
0.33959961
0.00000000
0.00000000
0.00000000
0.00000000
0.00000000
0.00000000
0.00000000
0.00000000
0.00000000
0.00000000
0.00000000
0.00000000
0.00000000
0.00000000
0.00000000
0.00000000
0.00000000
0.00000000
0.00000000
0.00000000
0.00000000
0.00000000
0.00000000
0.00000000
0.00000000
0.41577148
0.00000000
0.58251953
0.00000000
0.27075195
0.00000000
0.59667969
0.00000000
0.00000000
0.00000000
0.00000000
0.00000000
0.00000000
0.00000000
0.00000000
0.00000000
0.00000000
0.00000000
0.00000000
0.00000000
0.00000000
0.00000000
0.00000000
0.00000000
0.00000000
0.00000000
0.00000000
0.00000000
0.00000000
0.00000000
0.00000000
0.00000000
0.57128906
0.00000000
0.56250000
0.00000000
0.80175781
0.00000000
0.09655762
0.00000000
0.00000000
0.00000000
0.00000000
0.00000000
0.00000000
0.00000000
0.00000000
0.00000000
0.00000000
0.00000000
0.00000000
0.00000000
0.00000000
0.00000000
0.00000000
0.00000000
0.00000000
0.00000000
0.00000000
0.00000000
0.00000000
0.00000000
0.00000000
0.00000000
0.37426758
0.00000000
0.61572266
0.00000000
0.35400391
0.00000000
0.55712891
0.00000000
0.00000000
0.00000000
0.00000000
0.00000000
0.00000000
0.00000000
0.00000000
0.00000000
0.00000000
0.00000000
0.00000000
0.00000000
0.00000000
0.00000000
0.00000000
0.00000000
0.00000000
0.00000000
0.00000000
0.00000000
0.00000000
0.00000000
0.00000000
0.00000000
0.62695312
0.00000000
0.20080566
0.00000000
0.59130859
0.00000000
0.56640625
0.00000000
0.00000000
0.00000000
0.00000000
0.00000000
0.00000000
0.00000000
0.00000000
0.00000000
0.00000000
0.00000000
0.00000000
0.00000000
0.00000000
0.00000000
0.00000000
0.00000000
0.00000000
0.00000000
0.00000000
0.00000000
0.00000000
0.00000000
0.00000000
0.00000000
0.49902344
0.00000000
0.82128906
0.00000000
0.11242676
0.00000000
0.25024414
0.00000000
0.00000000
0.00000000
0.00000000
0.00000000
0.00000000
0.00000000
0.00000000
0.00000000
0.00000000
0.00000000
0.00000000
0.00000000
0.00000000
0.00000000
0.00000000
0.00000000
0.00000000
0.00000000
0.00000000
0.00000000
0.00000000
0.00000000
0.00000000
0.00000000
0.60888672
0.00000000
0.41870117
0.00000000
0.63574219
0.00000000
0.66357422
0.00000000
0.00000000
0.00000000
0.00000000
0.00000000
0.00000000
0.00000000
0.00000000
0.00000000
0.00000000
0.00000000
0.00000000
0.00000000
0.00000000
0.00000000
0.00000000
0.00000000
0.00000000
0.00000000
0.00000000
0.00000000
0.00000000
0.00000000
0.00000000
0.00000000
0.32983398
0.00000000
0.54785156
0.00000000
0.52490234
0.00000000
0.47387695
0.00000000
0.00000000
0.00000000
0.00000000
0.00000000
0.00000000
0.00000000
0.00000000
0.00000000
0.00000000
0.00000000
0.00000000
0.00000000
0.00000000
0.00000000
0.00000000
0.00000000
0.00000000
0.00000000
0.00000000
0.00000000
0.00000000
0.00000000
0.00000000
0.00000000
0.82128906
0.00000000
0.09851074
0.00000000
0.35717773
0.00000000
0.59228516
0.00000000
0.00000000
0.00000000
0.00000000
0.00000000
0.00000000
0.00000000
0.00000000
0.00000000
0.00000000
0.00000000
0.00000000
0.00000000
0.00000000
0.00000000
0.00000000
0.00000000
0.00000000
0.00000000
0.00000000
0.00000000
0.00000000
0.00000000
0.00000000
0.00000000
0.45971680
0.00000000
0.68310547
0.00000000
0.67724609
0.00000000
0.21459961
0.00000000
0.00000000
0.00000000
0.00000000
0.00000000
0.00000000
0.00000000
0.00000000
0.00000000
0.00000000
0.00000000
0.00000000
0.00000000
0.00000000
0.00000000
0.00000000
0.00000000
0.00000000
0.00000000
0.00000000
0.00000000
0.00000000
0.00000000
0.00000000
0.00000000
0.57128906
0.00000000
0.57812500
0.00000000
0.43920898
0.00000000
0.83935547
0.00000000
0.00000000
0.00000000
0.00000000
0.00000000
0.00000000
0.00000000
0.00000000
0.00000000
0.00000000
0.00000000
0.00000000
0.00000000
0.00000000
0.00000000
0.00000000
0.00000000
0.00000000
0.00000000
0.00000000
0.00000000
0.00000000
0.00000000
0.00000000
0.00000000
0.13488770
0.00000000
0.31933594
0.00000000
0.63818359
0.00000000
0.51367188
0.00000000
0.00000000
0.00000000
0.00000000
0.00000000
0.00000000
0.00000000
0.00000000
0.00000000
0.00000000
0.00000000
0.00000000
0.00000000
0.00000000
0.00000000
0.00000000
0.00000000
0.00000000
0.00000000
0.00000000
0.00000000
0.00000000
0.00000000
0.00000000
0.00000000
0.66699219
0.00000000
0.70751953
0.00000000
0.18872070
0.00000000
0.56494141
0.00000000
0.00000000
0.00000000
0.00000000
0.00000000
0.00000000
0.00000000
0.00000000
0.00000000
0.00000000
0.00000000
0.00000000
0.00000000
0.00000000
0.00000000
0.00000000
0.00000000
0.00000000
0.00000000
0.00000000
0.00000000
0.00000000
0.00000000
0.00000000
0.00000000
0.54931641
0.00000000
0.42773438
0.00000000
0.61376953
0.00000000
0.21850586
0.00000000
0.00000000
0.00000000
0.00000000
0.00000000
0.00000000
0.00000000
0.00000000
0.00000000
0.00000000
0.00000000
0.00000000
0.00000000
0.00000000
0.00000000
0.00000000
0.00000000
0.00000000
0.00000000
0.00000000
0.00000000
0.00000000
0.00000000
0.00000000
0.00000000
0.36621094
0.00000000
0.62988281
0.00000000
0.56201172
0.00000000
0.62402344
0.00000000
0.00000000
0.00000000
0.00000000
0.00000000
0.00000000
0.00000000
0.00000000
0.00000000
0.00000000
0.00000000
0.00000000
0.00000000
0.00000000
0.00000000
0.00000000
0.00000000
0.00000000
0.00000000
0.00000000
0.00000000
0.00000000
0.00000000
0.00000000
0.00000000
0.72167969
0.00000000
0.24255371
0.00000000
0.54394531
0.00000000
0.58837891
0.00000000
0.00000000
0.00000000
0.00000000
0.00000000
0.00000000
0.00000000
0.00000000
0.00000000
0.00000000
0.00000000
0.00000000
0.00000000
0.00000000
0.00000000
0.00000000
0.00000000
0.00000000
0.00000000
0.00000000
0.00000000
0.00000000
0.00000000
0.00000000
0.00000000
0.35864258
0.00000000
0.53271484
0.00000000
0.14953613
0.00000000
0.22375488
0.00000000
0.00000000
0.00000000
0.00000000
0.00000000
0.00000000
0.00000000
0.00000000
0.00000000
0.00000000
0.00000000
0.00000000
0.00000000
0.00000000
0.00000000
0.00000000
0.00000000
0.00000000
0.00000000
0.00000000
0.00000000
0.00000000
0.00000000
0.00000000
0.00000000
0.64550781
0.00000000
0.59375000
0.00000000
0.67089844
0.00000000
0.76464844
0.00000000
0.00000000
0.00000000
0.00000000
0.00000000
0.00000000
0.00000000
0.00000000
0.00000000
0.00000000
0.00000000
0.00000000
0.00000000
0.00000000
0.00000000
0.00000000
0.00000000
0.00000000
0.00000000
0.00000000
0.00000000
0.00000000
0.00000000
0.00000000
0.00000000
0.23107910
0.00000000
0.50341797
0.00000000
0.58837891
0.00000000
0.38549805
0.00000000
0.00000000
0.00000000
0.00000000
0.00000000
0.00000000
0.00000000
0.00000000
0.00000000
0.00000000
0.00000000
0.00000000
0.00000000
0.00000000
0.00000000
0.00000000
0.00000000
0.00000000
0.00000000
0.00000000
0.00000000
0.00000000
0.00000000
0.00000000
0.00000000
0.50439453
0.00000000
0.12274170
0.00000000
0.23925781
0.00000000
0.65673828
0.00000000
0.00000000
0.00000000
0.00000000
0.00000000
0.00000000
0.00000000
0.00000000
0.00000000
0.00000000
0.00000000
0.00000000
0.00000000
0.00000000
0.00000000
0.00000000
0.00000000
0.00000000
0.00000000
0.00000000
0.00000000
0.00000000
0.00000000
0.00000000
0.00000000
0.54931641
0.00000000
0.72656250
0.00000000
0.76220703
0.00000000
0.27026367
0.00000000
0.00000000
0.00000000
0.00000000
0.00000000
0.00000000
0.00000000
0.00000000
0.00000000
0.00000000
0.00000000
0.00000000
0.00000000
0.00000000
0.00000000
0.00000000
0.00000000
0.00000000
0.00000000
0.00000000
0.00000000
0.00000000
0.00000000
0.00000000
0.00000000
0.47509766
0.00000000
0.60693359
0.00000000
0.41210938
0.00000000
0.45581055
0.00000000
0.00000000
0.00000000
0.00000000
0.00000000
0.00000000
0.00000000
0.00000000
0.00000000
0.00000000
0.00000000
0.00000000
0.00000000
0.00000000
0.00000000
0.00000000
0.00000000
0.00000000
0.00000000
0.00000000
0.00000000
0.00000000
0.00000000
0.00000000
0.00000000
0.15966797
0.00000000
0.30273438
0.00000000
0.61865234
0.00000000
0.58837891
0.00000000
0.00000000
0.00000000
0.00000000
0.00000000
0.00000000
0.00000000
0.00000000
0.00000000
0.00000000
0.00000000
0.00000000
0.00000000
0.00000000
0.00000000
0.00000000
0.00000000
0.00000000
0.00000000
0.00000000
0.00000000
0.00000000
0.00000000
0.00000000
0.00000000
0.78027344
0.00000000
0.77929688
0.00000000
0.17883301
0.00000000
0.41015625
0.00000000
0.00000000
0.00000000
0.00000000
0.00000000
0.00000000
0.00000000
0.00000000
0.00000000
0.00000000
0.00000000
0.00000000
0.00000000
0.00000000
0.00000000
0.00000000
0.00000000
0.00000000
0.00000000
0.00000000
0.00000000
0.00000000
0.00000000
0.00000000
0.00000000
0.63134766
0.00000000
0.39428711
0.00000000
0.36010742
0.00000000
0.10925293
0.00000000
0.00000000
0.00000000
0.00000000
0.00000000
0.00000000
0.00000000
0.00000000
0.00000000
0.00000000
0.00000000
0.00000000
0.00000000
0.00000000
0.00000000
0.00000000
0.00000000
0.00000000
0.00000000
0.00000000
0.00000000
0.00000000
0.00000000
0.00000000
0.00000000
0.26489258
0.00000000
0.58056641
0.00000000
0.56445312
0.00000000
0.71777344
0.00000000
0.00000000
0.00000000
0.00000000
0.00000000
0.00000000
0.00000000
0.00000000
0.00000000
0.00000000
0.00000000
0.00000000
0.00000000
0.00000000
0.00000000
0.00000000
0.00000000
0.00000000
0.00000000
0.00000000
0.00000000
0.00000000
0.00000000
0.00000000
0.00000000
0.79589844
0.00000000
0.24450684
0.00000000
0.26098633
0.00000000
0.60839844
0.00000000
0.00000000
0.00000000
0.00000000
0.00000000
0.00000000
0.00000000
0.00000000
0.00000000
0.00000000
0.00000000
0.00000000
0.00000000
0.00000000
0.00000000
0.00000000
0.00000000
0.00000000
0.00000000
0.00000000
0.00000000
0.00000000
0.00000000
0.00000000
0.00000000
