0.49877930
0.49511719
0.50048828
0.50195312
0.40673828
0.38647461
0.87939453
0.89160156
0.54785156
0.53759766
0.48535156
0.47607422
0.39111328
0.36718750
0.90576172
0.90966797
0.54785156
0.54150391
0.47851562
0.44604492
0.33593750
0.32519531
0.88183594
0.89794922
0.54980469
0.55615234
0.44750977
0.42456055
0.31201172
0.29248047
0.90527344
0.87011719
0.31030273
0.32031250
0.38891602
0.41943359
0.53271484
0.54003906
0.30859375
0.30297852
0.33520508
0.34545898
0.43652344
0.43994141
0.54345703
0.54394531
0.28271484
0.26147461
0.37646484
0.36010742
0.45996094
0.48583984
0.55371094
0.55712891
0.25708008
0.27001953
0.36889648
0.34594727
0.47875977
0.49633789
0.55761719
0.55175781
0.30346680
0.34448242
0.66992188
0.67480469
0.32958984
0.32226562
0.28686523
0.28247070
0.52148438
0.54345703
0.65820312
0.70019531
0.29760742
0.28955078
0.28198242
0.29174805
0.52539062
0.50488281
0.72705078
0.75244141
0.29223633
0.28515625
0.28833008
0.31616211
0.50976562
0.49414062
0.75781250
0.79003906
0.28686523
0.29077148
0.34228516
0.36279297
0.52099609
0.51904297
0.48168945
0.47412109
0.44775391
0.44335938
0.89794922
0.90722656
0.31054688
0.31005859
0.46997070
0.45751953
0.42529297
0.42846680
0.90283203
0.90869141
0.31958008
0.30957031
0.45556641
0.44042969
0.41528320
0.38720703
0.91064453
0.91210938
0.33569336
0.34570312
0.41430664
0.40112305
0.35595703
0.36450195
0.90917969
0.89941406
0.33520508
0.33374023
0.35668945
0.39916992
0.52001953
0.51953125
0.31225586
0.29174805
0.68212891
0.66308594
0.42480469
0.42065430
0.54882812
0.56494141
0.27026367
0.26391602
0.67773438
0.70654297
0.44116211
0.46240234
0.57080078
0.53710938
0.25537109
0.25122070
0.71289062
0.75683594
0.46411133
0.47729492
0.51611328
0.52246094
0.27490234
0.31225586
0.75195312
0.78710938
0.00000000
0.35009766
0.30688477
0.30029297
0.48022461
0.50781250
0.46459961
0.48925781
0.32934570
0.31933594
0.30908203
0.32812500
0.48510742
0.52294922
0.44995117
0.43945312
0.29858398
0.31225586
0.30737305
0.32080078
0.52099609
0.51123047
0.42651367
0.41357422
0.31567383
0.30419922
0.32812500
0.33837891
0.50976562
0.48608398
0.39624023
0.37182617
0.47167969
0.50048828
0.89746094
0.90625000
0.32348633
0.31372070
0.39672852
0.41333008
0.47705078
0.47802734
0.91064453
0.91064453
0.30859375
0.31933594
0.41796875
0.43457031
0.48193359
0.47558594
0.91064453
0.91064453
0.31933594
0.33764648
0.44360352
0.44750977
0.43188477
0.39794922
0.91064453
0.91064453
0.33349609
0.32446289
0.45947266
0.45141602
0.50000000
0.50048828
0.31127930
0.28125000
0.66845703
0.68359375
0.85498047
0.00000000
0.47460938
0.51708984
0.26123047
0.24853516
0.68701172
0.68066406
0.41040039
0.38989258
0.51953125
0.51416016
0.24548340
0.24780273
0.71240234
0.73046875
0.36230469
0.31640625
0.51757812
0.52490234
0.25366211
0.31884766
0.74023438
0.76855469
0.31591797
0.33129883
0.32836914
0.31298828
0.52978516
0.52880859
0.45263672
0.45336914
0.49951172
0.51708984
0.31689453
0.32080078
0.52929688
0.50585938
0.46533203
0.45751953
0.50781250
0.51855469
0.33789062
0.33105469
0.51806641
0.50048828
0.43041992
0.43652344
0.49707031
0.51562500
0.34033203
0.34448242
0.50488281
0.52099609
0.41015625
0.40429688
0.49853516
0.48681641
0.90966797
0.91064453
0.34619141
0.33251953
0.41113281
0.39990234
0.53466797
0.48364258
0.90917969
0.91064453
0.34692383
0.34497070
0.43408203
0.45214844
0.50537109
0.50585938
0.91064453
0.91064453
0.32885742
0.34106445
0.43774414
0.44580078
0.51416016
0.51416016
0.91064453
0.91064453
0.34814453
0.33496094
0.45971680
0.47094727
0.51708984
0.53759766
0.30834961
0.28613281
0.53710938
0.68457031
0.89453125
0.89697266
0.36108398
0.34301758
0.28100586
0.26489258
0.70605469
0.72021484
0.00000000
0.39672852
0.32788086
0.33325195
0.24597168
0.25585938
0.72900391
0.74853516
0.39990234
0.38354492
0.33886719
0.35473633
0.25415039
0.30151367
0.76367188
0.78173828
0.31469727
0.30126953
0.34082031
0.34057617
0.51513672
0.51953125
0.45092773
0.46728516
0.47070312
0.49023438
0.89501953
0.90283203
0.54101562
0.52343750
0.45532227
0.42919922
0.52734375
0.54931641
0.91064453
0.91064453
0.49291992
0.48144531
0.41748047
0.41699219
0.52099609
0.54736328
0.91064453
0.91064453
0.48217773
0.47656250
0.40673828
0.37622070
0.55468750
0.54248047
0.91064453
0.91064453
0.36254883
0.36254883
0.38842773
0.42846680
0.47167969
0.48876953
0.25732422
0.24902344
0.34594727
0.35546875
0.43041992
0.41406250
0.50000000
0.49975586
0.27050781
0.27050781
0.34350586
0.32666016
0.43847656
0.47167969
0.47729492
0.49023438
0.25561523
0.25366211
0.32617188
0.35913086
0.46948242
0.47607422
0.48364258
0.50976562
0.28271484
0.29028320
0.30200195
0.43969727
0.91064453
0.91064453
0.09173584
0.13244629
0.13977051
0.15637207
0.70068359
0.75976562
0.90917969
0.07861328
0.09112549
0.10522461
0.14221191
0.12176514
0.75341797
0.77929688
0.09411621
0.08398438
0.08300781
0.08538818
0.12274170
0.10522461
0.80957031
0.79345703
0.07965088
0.08538818
0.07965088
0.08062744
0.10485840
0.07623291
0.19604492
0.17724609
0.08978271
0.08099365
0.07763672
0.13891602
0.08599854
0.08398438
0.08636475
0.15173340
0.07965088
0.07965088
0.28320312
0.31811523
0.08398438
0.12072754
0.15429688
0.15844727
0.07965088
0.07965088
0.27441406
0.17749023
0.11059570
0.12469482
0.12213135
0.08538818
0.07965088
0.07965088
0.24768066
0.29394531
0.16906738
0.15002441
0.13549805
0.15258789
0.12670898
0.13452148
0.07965088
0.07965088
0.07965088
0.07965088
0.15930176
0.16406250
0.16027832
0.16076660
0.07965088
0.07965088
0.07965088
0.07965088
0.18518066
0.15332031
0.18212891
0.14318848
0.07965088
0.07965088
0.07965088
0.07965088
0.14758301
0.16638184
0.13781738
0.13342285
0.07965088
0.07965088
0.07965088
0.07965088
0.34887695
0.36669922
0.08300781
0.13342285
0.16711426
0.16613770
0.13586426
0.21752930
0.36083984
0.40380859
0.09991455
0.10626221
0.12609863
0.11975098
0.18493652
0.10919189
0.07824707
0.07861328
0.07861328
0.08636475
0.11444092
0.12176514
0.13049316
0.12078857
0.09948730
0.09075928
0.08062744
0.07965088
0.12512207
0.11779785
0.11737061
0.11737061
0.07965088
0.07965088
0.07965088
0.07965088
0.11444092
0.12469482
0.14123535
0.16467285
0.07965088
0.08874512
0.07666016
0.09313965
0.10961914
0.11975098
0.18688965
0.19189453
0.09216309
0.07965088
0.21142578
0.30981445
0.12707520
0.13146973
0.20739746
0.22595215
0.07965088
0.07965088
0.25805664
0.18627930
0.11596680
0.10864258
0.23937988
0.24951172
0.25683594
0.15795898
0.07965088
0.07965088
0.07965088
0.07965088
0.32641602
0.33813477
0.09313965
0.15588379
0.07965088
0.07965088
0.07965088
0.07965088
0.32934570
0.33520508
0.20825195
0.16064453
0.07965088
0.07965088
0.07965088
0.07965088
0.33081055
0.14758301
0.14562988
0.13781738
0.07965088
0.07965088
0.07965088
0.07965088
0.13146973
0.11297607
0.08734131
0.12768555
0.23339844
0.22900391
0.12951660
0.14904785
0.07965088
0.07965088
0.13342285
0.09808350
0.21459961
0.16748047
0.16271973
0.09075928
0.07965088
0.07965088
0.07824707
0.08099365
0.12133789
0.12609863
0.11834717
0.10327148
0.07965088
0.08538818
0.09552002
0.09216309
0.15930176
0.13244629
0.09411621
0.08203125
0.09075928
0.09112549
0.07965088
0.07965088
0.08538818
0.09075928
0.13549805
0.12078857
0.13549805
0.28320312
0.07965088
0.07965088
0.09851074
0.10723877
0.08874512
0.09649658
0.19091797
0.10864258
0.07623291
0.09906006
0.11596680
0.13586426
0.10388184
0.10583496
0.14318848
0.20678711
0.21960449
0.28417969
0.11157227
0.11297607
0.12854004
0.13342285
0.15734863
0.15295410
0.07861328
0.07965088
0.07965088
0.07965088
0.31958008
0.31494141
0.12670898
0.16271973
0.07965088
0.07965088
0.07965088
0.08258057
0.31884766
0.32080078
0.17004395
0.11358643
0.07965088
0.07965088
0.07965088
0.07965088
0.31884766
0.31152344
0.07666016
0.07965088
0.07965088
0.07965088
0.07965088
0.07965088
0.15637207
0.18090820
0.07965088
0.07965088
0.10388184
0.08502197
0.08636475
0.09552002
0.07965088
0.07965088
0.07965088
0.07965088
0.10925293
0.15063477
0.10961914
0.10766602
0.07965088
0.07965088
0.07965088
0.07965088
0.20202637
0.25585938
0.07965088
0.07965088
0.07965088
0.07965088
0.07965088
0.07427979
0.24182129
0.17382812
0.09216309
0.08300781
0.07965088
0.07965088
0.16003418
0.24804688
0.11834717
0.09552002
0.07666016
0.08398438
0.10961914
0.14025879
0.09753418
0.10424805
0.11499023
0.14221191
0.12274170
0.16174316
0.18652344
0.22521973
0.08978271
0.11199951
0.12805176
0.09753418
0.17541504
0.13977051
0.16406250
0.14123535
0.09411621
0.07965088
0.07623291
0.07763672
0.11260986
0.10626221
0.15197754
0.15930176
0.07861328
0.07965088
0.07965088
0.07965088
0.29150391
0.30224609
0.10089111
0.08978271
0.17041016
0.12176514
0.07965088
0.07965088
0.30517578
0.30468750
0.09216309
0.15087891
0.12274170
0.13928223
0.08062744
0.07965088
0.32080078
0.32519531
0.16906738
0.08978271
0.14416504
0.09948730
0.07965088
0.07965088
0.31250000
0.09277344
0.08398438
0.08636475
0.08203125
0.11798096
0.07861328
0.07965088
0.07965088
0.07965088
0.07965088
0.07965088
0.15490723
0.14318848
0.08538818
0.08062744
0.07965088
0.07965088
0.07965088
0.07965088
0.16503906
0.16540527
0.07965088
0.07965088
0.07965088
0.07965088
0.07965088
0.07525635
0.15734863
0.15429688
0.07965088
0.07965088
0.07965088
0.07965088
0.11413574
0.24926758
0.16345215
0.15539551
0.08935547
0.13049316
0.14758301
0.13244629
0.12609863
0.14855957
0.07965088
0.07965088
0.14123535
0.14562988
0.17150879
0.14416504
0.14025879
0.12915039
0.07965088
0.07965088
0.15100098
0.14221191
0.15197754
0.19091797
0.13342285
0.14318848
0.07965088
0.07965088
0.13879395
0.14953613
0.15429688
0.15539551
0.14758301
0.14758301
0.07965088
0.07965088
0.29907227
0.31567383
0.07965088
0.07965088
0.11065674
0.07965088
0.07965088
0.07965088
0.31225586
0.30859375
0.07965088
0.10925293
0.08398438
0.15197754
0.07965088
0.07965088
0.31542969
0.31835938
0.15100098
0.15734863
0.18212891
0.13549805
0.07965088
0.07965088
0.30859375
0.31884766
0.15637207
0.09613037
0.12573242
0.14660645
0.07965088
0.07965088
0.08636475
0.07965088
0.07965088
0.07965088
0.14855957
0.18786621
0.28247070
0.30712891
0.07965088
0.07965088
0.07965088
0.07965088
0.22863770
0.16162109
0.28393555
0.29394531
0.07965088
0.07965088
0.07965088
0.07324219
0.10961914
0.10284424
0.28198242
0.26562500
0.07965088
0.07965088
0.12091064
0.26635742
0.11499023
0.08837891
0.19506836
0.14562988
0.17883301
0.18078613
0.07666016
0.10522461
0.07965088
0.07965088
0.30102539
0.29345703
0.16857910
0.15490723
0.15686035
0.14758301
0.07965088
0.07965088
0.29077148
0.29077148
0.15539551
0.15539551
0.13879395
0.12805176
0.07965088
0.07965088
0.29052734
0.31787109
0.15734863
0.16369629
0.14074707
0.13049316
0.07965088
0.07965088
0.30273438
0.30859375
0.07965088
0.07965088
0.11499023
0.12805176
0.07965088
0.07965088
0.12707520
0.10766602
0.09112549
0.11938477
0.12377930
0.13391113
0.07965088
0.07965088
0.08099365
0.08636475
0.14123535
0.12274170
0.09613037
0.08538818
0.07965088
0.07965088
0.07965088
0.07965088
0.13049316
0.18603516
0.11700439
0.11779785
0.07965088
0.07965088
0.07965088
0.07965088
0.07666016
0.07965088
0.15295410
0.18701172
0.08935547
0.10583496
0.14123535
0.10522461
0.07965088
0.07965088
0.18762207
0.17883301
0.10961914
0.11596680
0.13720703
0.15429688
0.07965088
0.12866211
0.17822266
0.21997070
0.10827637
0.10388184
0.16564941
0.17248535
0.21716309
0.19458008
0.18750000
0.10290527
0.12475586
0.13891602
0.13781738
0.12609863
0.54687500
0.54248047
0.41650391
0.39794922
0.26562500
0.29687500
0.85156250
0.81640625
0.56884766
0.55810547
0.38330078
0.35937500
0.56347656
0.68164062
0.79394531
0.00000000
0.54296875
0.54931641
0.33813477
0.30029297
0.66552734
0.65039062
0.30346680
0.28393555
0.54785156
0.57421875
0.28881836
0.27832031
0.67724609
0.70654297
0.28808594
0.27587891
0.35498047
0.33618164
0.52197266
0.50390625
0.52490234
0.49340820
0.39428711
0.41723633
0.32006836
0.29467773
0.50341797
0.49145508
0.50390625
0.50634766
0.44238281
0.44604492
0.27905273
0.28027344
0.51464844
0.55322266
0.49023438
0.50097656
0.45043945
0.41918945
0.28515625
0.30126953
0.54638672
0.53369141
0.48852539
0.46142578
0.38720703
0.39721680
0.81640625
0.84179688
0.28881836
0.29321289
0.36010742
0.33740234
0.54638672
0.53613281
0.86425781
0.87402344
0.28442383
0.28955078
0.32348633
0.35034180
0.54541016
0.54248047
0.89599609
0.89501953
0.29614258
0.31616211
0.33593750
0.39404297
0.50634766
0.50341797
0.89550781
0.90869141
0.32739258
0.31323242
0.43164062
0.43481445
0.53906250
0.54003906
0.38037109
0.37768555
0.33056641
0.30664062
0.90332031
0.87207031
0.33349609
0.30908203
0.36547852
0.32861328
0.41210938
0.63085938
0.84765625
0.82177734
0.31298828
0.30297852
0.32714844
0.29858398
0.68505859
0.66162109
0.00000000
0.32421875
0.30102539
0.28271484
0.27514648
0.28369141
0.68994141
0.68945312
0.31372070
0.29541016
0.28295898
0.30737305
0.47631836
0.51171875
0.50634766
0.53076172
0.35961914
0.37182617
0.79882812
0.83447266
0.51611328
0.50146484
0.51611328
0.48168945
0.38818359
0.43896484
0.86328125
0.85986328
0.50488281
0.51953125
0.47607422
0.48266602
0.46020508
0.47778320
0.89208984
0.89697266
0.49267578
0.46948242
0.47851562
0.45996094
0.45312500
0.44018555
0.90917969
0.90917969
0.32690430
0.31933594
0.34667969
0.36206055
0.49584961
0.50585938
0.33178711
0.34301758
0.30688477
0.30419922
0.37402344
0.36914062
0.51416016
0.52441406
0.34790039
0.33715820
0.29638672
0.31958008
0.37768555
0.39501953
0.48632812
0.48852539
0.31323242
0.29248047
0.30566406
0.31835938
0.42504883
0.41894531
0.49462891
0.54785156
0.28784180
0.25439453
0.38842773
0.34301758
0.91064453
0.90869141
0.33666992
0.31958008
0.47607422
0.49902344
0.31396484
0.49267578
0.89013672
0.89013672
0.31689453
0.31787109
0.50390625
0.52587891
0.64453125
0.66064453
0.87353516
0.00000000
0.32348633
0.30957031
0.52685547
0.49609375
0.67724609
0.68505859
0.38647461
0.37402344
0.29736328
0.31518555
0.49072266
0.50195312
0.50048828
0.47412109
0.33813477
0.35937500
0.82373047
0.82519531
0.34155273
0.31396484
0.50878906
0.47070312
0.41162109
0.43310547
0.85302734
0.89208984
0.32788086
0.33569336
0.47656250
0.47607422
0.47143555
0.49487305
0.90234375
0.90478516
0.33911133
0.32714844
0.46728516
0.45068359
0.51367188
0.51269531
0.90429688
0.91064453
0.32641602
0.32714844
0.35009766
0.36938477
0.51171875
0.50195312
0.37377930
0.35864258
0.45336914
0.41455078
0.37280273
0.39355469
0.51220703
0.52099609
0.36206055
0.33251953
0.34204102
0.32617188
0.39648438
0.37841797
0.52880859
0.50244141
0.31372070
0.29980469
0.53466797
0.66845703
0.41723633
0.43945312
0.51025391
0.52099609
0.28125000
0.26342773
0.70312500
0.71142578
0.91064453
0.91064453
0.33691406
0.33740234
0.47534180
0.49389648
0.49218750
0.50195312
0.91064453
0.90429688
0.33276367
0.32470703
0.51367188
0.52294922
0.46533203
0.47631836
0.89257812
0.89208984
0.33593750
0.33007812
0.52587891
0.53173828
0.47558594
0.45605469
0.00000000
0.42529297
0.33691406
0.34252930
0.51562500
0.52294922
0.45092773
0.44580078
0.32324219
0.35180664
0.79687500
0.82666016
0.36865234
0.35229492
0.35278320
0.35107422
0.38916016
0.43457031
0.84326172
0.87353516
0.36303711
0.35180664
0.36621094
0.39331055
0.46875000
0.50097656
0.89404297
0.90527344
0.34692383
0.35424805
0.38159180
0.41748047
0.54101562
0.54492188
0.91064453
0.91064453
0.35766602
0.35351562
0.41870117
0.42358398
0.49047852
0.51904297
0.37646484
0.35791016
0.51123047
0.47192383
0.91064453
0.91064453
0.51611328
0.48583984
0.34570312
0.31738281
0.39355469
0.31103516
0.91064453
0.91064453
0.51123047
0.52539062
0.30346680
0.27612305
0.27514648
0.50927734
0.91064453
0.91210938
0.51660156
0.51123047
0.27880859
0.26757812
0.69970703
0.71826172
0.90917969
0.00000000
0.35180664
0.35327148
0.44555664
0.48071289
0.49121094
0.46997070
0.33837891
0.36157227
0.34155273
0.34448242
0.47387695
0.49243164
0.45678711
0.44238281
0.35693359
0.42260742
0.36279297
0.36376953
0.51074219
0.51269531
0.41113281
0.39672852
0.45605469
0.49780273
0.35229492
0.36254883
0.52636719
0.51171875
0.42358398
0.42529297
0.52539062
0.53125000
0.80273438
0.85009766
0.10668945
0.10229492
0.08538818
0.08300781
0.07965088
0.07965088
0.84814453
0.88085938
0.09216309
0.11499023
0.14453125
0.09808350
0.08978271
0.09851074
0.88769531
0.89208984
0.14465332
0.12219238
0.10626221
0.17077637
0.12377930
0.14660645
0.91064453
0.91064453
0.12609863
0.11737061
0.20642090
0.16406250
0.15527344
0.14025879
0.07824707
0.08978271
0.07965088
0.07965088
0.30078125
0.31713867
0.13781738
0.14953613
0.09655762
0.07861328
0.07965088
0.08099365
0.34692383
0.35888672
0.12951660
0.11499023
0.07965088
0.07965088
0.08636475
0.07965088
0.35693359
0.35693359
0.08538818
0.12036133
0.07965088
0.07965088
0.07965088
0.07965088
0.39306641
0.40478516
0.12176514
0.09851074
0.15197754
0.15051270
0.15197754
0.15930176
0.07965088
0.07965088
0.07965088
0.07965088
0.13684082
0.12609863
0.15063477
0.18359375
0.07965088
0.07965088
0.07965088
0.07965088
0.13391113
0.15539551
0.16174316
0.21752930
0.07965088
0.07965088
0.07965088
0.07965088
0.15539551
0.13049316
0.15966797
0.10388184
0.09411621
0.08978271
0.07904053
0.18298340
0.07965088
0.08978271
0.07861328
0.09277344
0.09216309
0.07861328
0.08734131
0.10089111
0.10662842
0.09991455
0.15832520
0.15429688
0.07525635
0.13012695
0.11199951
0.08062744
0.08099365
0.09112549
0.13879395
0.17443848
0.18493652
0.13586426
0.07965088
0.07965088
0.08636475
0.10131836
0.19873047
0.20410156
0.11743164
0.14953613
0.07965088
0.07965088
0.07965088
0.07965088
0.28857422
0.29882812
0.12756348
0.12512207
0.24853516
0.24072266
0.07965088
0.07965088
0.31127930
0.34204102
0.11065674
0.12915039
0.22631836
0.20971680
0.07965088
0.07965088
0.35107422
0.35449219
0.09075928
0.09411621
0.16699219
0.16076660
0.07965088
0.07965088
0.34936523
0.35449219
0.11834717
0.12805176
0.14221191
0.11102295
0.13049316
0.22192383
0.07965088
0.07965088
0.07965088
0.07965088
0.13378906
0.10723877
0.17480469
0.14758301
0.07965088
0.07965088
0.07965088
0.07965088
0.08734131
0.10522461
0.15295410
0.13781738
0.07965088
0.07965088
0.07965088
0.07965088
0.09655762
0.11065674
0.19128418
0.14453125
0.07965088
0.07965088
0.07965088
0.07965088
0.15136719
0.14794922
0.07965088
0.09112549
0.10821533
0.10961914
0.11199951
0.11499023
0.07965088
0.07965088
0.10565186
0.10961914
0.07965088
0.07189941
0.12274170
0.09075928
0.07965088
0.07965088
0.13208008
0.13146973
0.15393066
0.32592773
0.07965088
0.07965088
0.07965088
0.07965088
0.14221191
0.13891602
0.16772461
0.09075928
0.07965088
0.07965088
0.07965088
0.07965088
0.21276855
0.26293945
0.09552002
0.09790039
0.11798096
0.13208008
0.12414551
0.17822266
0.29370117
0.33813477
0.10186768
0.07965088
0.13305664
0.13073730
0.20849609
0.12176514
0.32470703
0.32543945
0.08398438
0.14184570
0.17248535
0.19372559
0.12371826
0.12115479
0.32739258
0.32739258
0.14453125
0.10528564
0.23547363
0.26123047
0.13818359
0.14562988
0.07965088
0.07965088
0.07965088
0.07965088
0.15136719
0.11834717
0.07965088
0.07965088
0.07965088
0.07965088
0.07965088
0.07965088
0.10821533
0.08978271
0.07824707
0.08874512
0.07965088
0.07965088
0.07965088
0.07965088
0.09216309
0.08636475
0.10424805
0.08300781
0.07965088
0.07965088
0.07965088
0.07965088
0.09411621
0.09948730
0.07965088
0.08502197
0.15637207
0.13342285
0.08062744
0.08300781
0.07965088
0.08538818
0.23229980
0.21325684
0.11102295
0.08874512
0.10424805
0.12915039
0.07965088
0.07965088
0.27197266
0.30200195
0.07623291
0.13012695
0.08978271
0.08300781
0.07965088
0.07965088
0.34545898
0.32104492
0.22595215
0.21215820
0.07861328
0.08538818
0.07965088
0.08398438
0.30566406
0.31591797
0.08099365
0.09948730
0.11737061
0.12915039
0.18078613
0.14318848
0.07965088
0.07965088
0.08300781
0.08978271
0.11700439
0.12573242
0.16271973
0.11102295
0.07965088
0.07965088
0.13452148
0.13928223
0.12915039
0.11242676
0.08099365
0.07861328
0.07965088
0.07965088
0.11737061
0.15197754
0.09851074
0.09313965
0.07965088
0.07965088
0.07965088
0.07965088
0.07965088
0.07965088
0.11596680
0.15661621
0.07965088
0.07965088
0.17773438
0.17541504
0.07965088
0.07965088
0.20300293
0.17919922
0.08062744
0.08062744
0.19396973
0.14123535
0.07965088
0.07965088
0.17272949
0.17077637
0.08398438
0.13183594
0.11596680
0.12951660
0.07965088
0.07965088
0.15563965
0.14550781
0.13818359
0.13977051
0.17675781
0.15100098
0.07965088
0.07861328
0.07965088
0.07965088
0.26245117
0.18823242
0.15637207
0.16979980
0.09509277
0.10723877
0.07965088
0.07965088
0.24157715
0.30957031
0.11260986
0.09851074
0.12091064
0.12036133
0.07965088
0.07965088
0.31176758
0.28198242
0.07965088
0.07623291
0.10290527
0.09075928
0.07965088
0.07965088
0.29736328
0.31713867
0.07763672
0.12573242
0.14953613
0.13342285
0.19531250
0.14221191
0.10961914
0.08099365
0.07965088
0.07965088
0.13146973
0.12371826
0.08679199
0.11541748
0.08099365
0.08734131
0.07965088
0.07965088
0.14758301
0.14086914
0.08636475
0.07965088
0.08837891
0.07965088
0.07965088
0.07965088
0.14123535
0.16979980
0.07965088
0.07965088
0.07965088
0.07965088
0.07965088
0.07965088
0.16809082
0.19128418
0.10186768
0.12133789
0.14318848
0.10626221
0.07965088
0.07965088
0.14025879
0.12573242
0.13513184
0.12573242
0.12274170
0.16271973
0.07965088
0.07861328
0.16271973
0.22827148
0.12432861
0.14660645
0.19897461
0.18957520
0.08099365
0.12176514
0.15710449
0.10089111
0.13281250
0.12609863
0.15930176
0.12609863
0.15295410
0.13439941
0.07965088
0.07965088
0.22021484
0.13146973
0.07666016
0.08062744
0.09844971
0.10290527
0.07965088
0.07965088
0.18920898
0.28930664
0.09075928
0.07861328
0.12469482
0.13781738
0.07965088
0.07965088
0.30004883
0.29687500
0.07965088
0.07965088
0.12377930
0.09552002
0.07965088
0.07965088
0.33959961
0.32958984
0.07861328
0.08099365
0.08099365
0.11065674
0.15197754
0.16369629
0.13342285
0.15637207
0.07965088
0.07965088
0.32934570
0.21997070
0.15100098
0.08062744
0.14758301
0.12805176
0.07965088
0.07965088
0.15930176
0.15100098
0.07965088
0.07965088
0.10089111
0.08203125
0.07965088
0.07965088
0.20678711
0.19763184
0.07965088
0.07965088
0.07861328
0.07965088
0.07965088
0.07965088
0.15393066
0.19970703
0.19042969
0.18664551
0.11260986
0.12274170
0.07965088
0.07965088
0.07965088
0.07965088
0.21130371
0.20788574
0.11932373
0.13781738
0.07965088
0.07965088
0.07965088
0.07965088
0.21020508
0.22729492
0.12951660
0.13049316
0.07965088
0.07965088
0.07965088
0.07965088
0.27197266
0.25927734
0.16845703
0.15637207
0.12817383
0.16271973
0.07965088
0.07965088
0.09173584
0.12231445
0.09552002
0.11065674
0.16210938
0.17382812
0.12414551
0.14025879
0.24072266
0.29956055
0.11004639
0.08062744
0.16369629
0.15734863
0.14416504
0.14428711
0.30981445
0.29101562
0.07965088
0.07965088
0.15295410
0.13488770
0.08398438
0.07965088
0.29248047
0.28320312
0.07965088
0.08398438
0.12707520
0.15393066
0.07965088
0.07965088
0.54443359
0.54687500
0.25219727
0.26000977
0.72314453
0.75048828
0.27490234
0.27905273
0.56445312
0.55273438
0.28588867
0.33862305
0.76660156
0.78808594
0.30053711
0.30004883
0.54492188
0.54394531
0.39599609
0.42553711
0.79541016
0.81884766
0.30029297
0.30053711
0.52636719
0.52441406
0.46020508
0.45629883
0.83935547
0.87451172
0.29516602
0.26245117
0.31054688
0.32568359
0.53759766
0.52392578
0.47827148
0.47363281
0.39233398
0.35498047
0.32714844
0.33740234
0.51611328
0.54248047
0.43920898
0.42333984
0.32202148
0.31933594
0.35400391
0.32714844
0.57080078
0.54199219
0.39477539
0.38891602
0.31396484
0.30126953
0.35327148
0.39599609
0.53271484
0.54394531
0.37158203
0.33740234
0.35986328
0.58056641
0.90429688
0.89941406
0.33691406
0.34936523
0.45043945
0.45214844
0.56005859
0.55078125
0.90429688
0.90332031
0.34472656
0.34350586
0.45703125
0.46606445
0.54003906
0.53906250
0.89062500
0.86474609
0.34619141
0.32714844
0.48974609
0.48681641
0.53564453
0.51708984
0.82861328
0.80029297
0.32495117
0.31298828
0.50878906
0.53417969
0.48046875
0.45800781
0.27246094
0.25708008
0.70019531
0.73242188
0.28881836
0.29052734
0.30151367
0.29614258
0.27490234
0.31542969
0.75048828
0.78564453
0.29296875
0.29345703
0.32348633
0.35107422
0.35571289
0.37475586
0.81835938
0.82031250
0.29760742
0.29296875
0.35644531
0.35498047
0.39379883
0.44482422
0.86328125
0.87451172
0.30102539
0.29003906
0.35742188
0.34375000
0.47900391
0.45678711
0.44775391
0.42553711
0.45068359
0.45214844
0.91064453
0.91064453
0.48535156
0.51660156
0.41552734
0.39916992
0.39794922
0.37890625
0.91064453
0.91064453
0.50488281
0.49755859
0.38378906
0.37841797
0.38574219
0.34838867
0.91064453
0.90429688
0.54492188
0.51855469
0.36743164
0.34008789
0.31396484
0.45556641
0.87744141
0.86425781
0.32177734
0.31884766
0.40209961
0.44531250
0.53222656
0.53125000
0.23376465
0.24548340
0.31665039
0.32934570
0.46191406
0.42260742
0.52832031
0.52539062
0.24926758
0.30468750
0.34252930
0.32397461
0.47216797
0.46948242
0.51611328
0.51416016
0.34228516
0.35253906
0.31445312
0.30541992
0.50830078
0.51806641
0.51562500
0.48608398
0.37719727
0.37426758
0.69140625
0.72460938
0.33764648
0.32055664
0.31909180
0.32910156
0.51611328
0.52246094
0.74560547
0.77197266
0.31909180
0.32690430
0.32934570
0.33569336
0.52880859
0.49487305
0.81787109
0.81201172
0.32421875
0.32006836
0.34179688
0.35937500
0.49804688
0.51708984
0.83837891
0.88037109
0.31518555
0.30883789
0.36108398
0.37475586
0.52490234
0.51464844
0.40551758
0.42797852
0.48803711
0.49316406
0.91064453
0.91064453
0.31958008
0.32788086
0.43286133
0.38696289
0.47192383
0.44970703
0.91064453
0.91064453
0.33032227
0.32763672
0.35034180
0.33789062
0.43725586
0.40478516
0.91064453
0.91064453
0.33959961
0.34033203
0.36303711
0.34545898
0.35766602
0.32373047
0.91064453
0.90673828
0.32495117
0.33959961
0.45776367
0.44506836
0.49975586
0.51562500
0.25537109
0.25024414
0.70849609
0.74316406
0.45214844
0.47387695
0.50439453
0.50292969
0.25805664
0.27172852
0.74951172
0.75390625
0.48779297
0.47509766
0.53271484
0.49365234
0.32519531
0.35986328
0.77685547
0.81689453
0.49584961
0.50683594
0.44555664
0.51171875
0.38134766
0.42456055
0.82763672
0.85205078
0.39477539
0.36621094
0.32885742
0.35009766
0.52246094
0.50732422
0.44482422
0.43676758
0.32397461
0.31445312
0.33740234
0.35156250
0.50292969
0.52099609
0.41967773
0.38940430
0.33129883
0.34667969
0.36523438
0.35742188
0.51367188
0.51708984
0.40795898
0.37158203
0.33447266
0.33593750
0.36743164
0.37329102
0.50048828
0.50439453
0.34692383
0.32519531
0.49804688
0.51074219
0.91064453
0.91064453
0.31787109
0.32543945
0.42919922
0.44873047
0.54345703
0.53955078
0.91064453
0.91064453
0.34814453
0.35083008
0.46142578
0.45678711
0.51269531
0.46948242
0.91064453
0.91064453
0.34350586
0.33618164
0.47045898
0.47045898
0.39477539
0.32226562
0.91064453
0.91064453
0.32763672
0.32592773
0.47314453
0.48657227
0.45190430
0.51611328
0.25537109
0.23547363
0.76171875
0.76220703
0.40893555
0.40161133
0.50488281
0.50634766
0.26953125
0.27612305
0.77099609
0.78564453
0.35766602
0.26464844
0.50732422
0.48291016
0.31909180
0.35815430
0.78564453
0.82080078
0.29858398
0.36425781
0.49731445
0.45874023
0.36718750
0.41113281
0.82958984
0.84423828
0.35400391
0.36083984
0.36718750
0.36743164
0.51318359
0.48657227
0.42309570
0.40673828
0.52050781
0.55078125
0.38208008
0.34887695
0.45849609
0.49047852
0.40380859
0.38500977
0.57568359
0.57763672
0.32861328
0.34326172
0.51074219
0.51367188
0.36474609
0.36694336
0.53320312
0.48388672
0.37744141
0.37719727
0.49633789
0.51660156
0.35742188
0.33618164
0.45703125
0.37280273
0.91064453
0.91064453
0.10522461
0.14123535
0.16906738
0.17102051
0.19494629
0.15966797
0.91064453
0.91064453
0.16467285
0.13781738
0.19824219
0.17138672
0.12573242
0.13549805
0.91064453
0.91064453
0.14123535
0.15087891
0.15637207
0.15832520
0.11932373
0.16540527
0.91064453
0.91064453
0.16674805
0.15100098
0.11639404
0.12805176
0.17321777
0.19091797
0.07965088
0.07965088
0.07965088
0.07965088
0.07965088
0.08636475
0.07965088
0.08062744
0.07965088
0.07965088
0.07965088
0.07965088
0.10144043
0.07861328
0.08099365
0.07965088
0.07965088
0.07965088
0.07965088
0.07965088
0.10186768
0.09173584
0.07965088
0.07623291
0.07965088
0.07965088
0.07965088
0.07965088
0.09411621
0.12274170
0.11834717
0.16918945
0.11102295
0.11737061
0.14086914
0.13146973
0.07861328
0.07965088
0.28857422
0.30566406
0.11639404
0.08538818
0.14221191
0.14599609
0.07965088
0.07965088
0.21630859
0.20043945
0.07965088
0.07965088
0.08538818
0.07965088
0.07965088
0.07965088
0.28784180
0.29345703
0.07623291
0.11700439
0.10186768
0.09509277
0.07965088
0.07965088
0.30566406
0.33959961
0.11834717
0.10186768
0.27709961
0.24609375
0.18518066
0.18652344
0.07965088
0.07965088
0.11303711
0.13928223
0.21386719
0.19421387
0.14025879
0.12408447
0.07965088
0.07965088
0.13879395
0.11065674
0.17248535
0.15002441
0.13049316
0.19763184
0.07965088
0.07965088
0.13146973
0.13012695
0.13244629
0.13342285
0.18078613
0.13781738
0.07965088
0.07965088
0.07965088
0.07965088
0.36914062
0.09655762
0.08538818
0.08538818
0.12573242
0.12707520
0.07965088
0.07965088
0.08062744
0.08398438
0.08874512
0.08398438
0.12274170
0.14221191
0.07965088
0.07965088
0.11199951
0.08203125
0.08538818
0.07666016
0.11834717
0.08538818
0.07965088
0.07965088
0.11199951
0.12805176
0.11700439
0.12756348
0.07965088
0.07525635
0.13049316
0.10626221
0.07965088
0.08398438
0.07623291
0.13500977
0.11737061
0.12805176
0.11932373
0.09313965
0.07965088
0.08062744
0.27734375
0.28955078
0.15100098
0.13391113
0.11633301
0.12036133
0.07965088
0.07965088
0.19897461
0.27197266
0.10186768
0.11004639
0.10626221
0.09655762
0.07965088
0.07965088
0.28637695
0.32250977
0.11102295
0.08203125
0.15295410
0.15295410
0.16174316
0.22790527
0.07965088
0.07965088
0.07965088
0.07965088
0.17346191
0.18212891
0.15295410
0.14660645
0.07965088
0.07965088
0.07965088
0.07965088
0.20166016
0.20739746
0.12915039
0.14123535
0.07965088
0.07965088
0.07965088
0.07965088
0.23461914
0.24279785
0.18762207
0.14416504
0.07965088
0.07965088
0.07965088
0.07965088
0.31250000
0.32519531
0.08203125
0.07965088
0.26269531
0.21655273
0.08258057
0.08978271
0.11059570
0.14489746
0.07965088
0.08062744
0.17578125
0.15490723
0.10089111
0.08502197
0.12805176
0.14392090
0.07965088
0.07965088
0.13879395
0.13586426
0.07965088
0.09753418
0.14221191
0.13012695
0.09411621
0.08203125
0.10485840
0.07525635
0.09411621
0.12915039
0.07965088
0.07965088
0.07965088
0.07128906
0.11157227
0.12512207
0.09851074
0.09411621
0.07861328
0.08978271
0.16589355
0.24462891
0.10723877
0.09075928
0.09277344
0.11199951
0.09753418
0.08099365
0.23718262
0.21704102
0.08300781
0.09991455
0.09112549
0.07623291
0.07965088
0.07965088
0.26953125
0.31054688
0.08203125
0.07861328
0.07623291
0.09112549
0.12609863
0.13891602
0.08099365
0.07965088
0.09613037
0.07861328
0.31445312
0.31250000
0.17675781
0.15539551
0.07965088
0.07965088
0.07965088
0.07965088
0.31396484
0.11065674
0.15930176
0.14221191
0.07965088
0.07965088
0.07965088
0.07965088
0.17321777
0.21752930
0.20068359
0.15295410
0.07965088
0.07965088
0.07965088
0.07965088
0.18395996
0.14196777
0.11163330
0.07525635
0.07666016
0.09613037
0.07965088
0.07965088
0.07965088
0.07965088
0.07965088
0.07965088
0.15637207
0.19604492
0.07965088
0.08099365
0.07965088
0.07965088
0.07965088
0.07965088
0.21752930
0.18078613
0.09173584
0.08837891
0.07965088
0.07965088
0.08538818
0.08636475
0.15393066
0.13342285
0.08258057
0.08734131
0.07965088
0.07965088
0.07965088
0.07965088
0.13244629
0.13879395
0.14318848
0.14562988
0.17578125
0.19323730
0.07763672
0.16870117
0.11700439
0.11596680
0.15197754
0.12976074
0.14123535
0.15197754
0.23083496
0.22546387
0.12707520
0.13049316
0.08502197
0.09887695
0.16711426
0.15197754
0.21838379
0.28393555
0.13879395
0.13439941
0.12573242
0.15832520
0.11541748
0.14562988
0.12310791
0.11254883
0.07965088
0.07965088
0.31689453
0.32397461
0.14318848
0.20739746
0.11065674
0.09552002
0.07965088
0.07965088
0.31469727
0.31884766
0.14221191
0.12469482
0.08062744
0.07965088
0.07965088
0.07965088
0.19604492
0.10821533
0.08300781
0.07525635
0.07965088
0.07965088
0.07965088
0.07965088
0.10668945
0.17138672
0.07421875
0.07525635
0.17175293
0.15295410
0.07965088
0.07965088
0.07965088
0.07965088
0.07965088
0.07965088
0.11065674
0.11938477
0.07965088
0.07965088
0.07965088
0.07965088
0.07427979
0.16589355
0.09216309
0.10961914
0.07965088
0.07965088
0.07965088
0.07965088
0.27343750
0.20959473
0.14953613
0.19189453
0.08062744
0.08502197
0.07965088
0.07965088
0.16357422
0.25341797
0.11199951
0.14758301
0.14318848
0.15100098
0.15734863
0.14562988
0.11737061
0.12176514
0.14660645
0.12310791
0.13146973
0.13879395
0.16174316
0.15637207
0.12915039
0.14953613
0.11401367
0.09411621
0.12432861
0.12072754
0.15637207
0.18408203
0.14758301
0.13146973
0.09472656
0.07623291
0.11297607
0.10284424
0.16064453
0.07763672
0.13146973
0.13781738
0.07965088
0.07965088
0.29248047
0.29467773
0.10485840
0.15637207
0.13928223
0.11303711
0.07965088
0.07965088
0.32397461
0.31054688
0.13586426
0.18151855
0.12469482
0.13879395
0.07965088
0.07965088
0.31884766
0.11297607
0.20300293
0.21752930
0.12133789
0.12707520
0.07965088
0.07965088
0.14758301
0.20397949
0.27929688
0.29882812
0.14453125
0.12670898
0.07965088
0.07965088
0.07965088
0.07965088
0.07965088
0.07763672
0.22290039
0.15637207
0.07965088
0.07965088
0.07965088
0.07965088
0.14050293
0.25219727
0.09710693
0.07666016
0.07965088
0.07965088
0.07965088
0.07965088
0.20874023
0.10723877
0.09033203
0.07965088
0.07965088
0.07965088
0.07965088
0.07965088
0.15649414
0.25805664
0.08099365
0.08062744
0.25683594
0.27246094
0.17736816
0.16064453
0.15490723
0.14318848
0.07965088
0.07965088
0.26367188
0.26489258
0.15148926
0.15393066
0.14221191
0.15393066
0.07965088
0.07965088
0.25390625
0.20642090
0.14953613
0.14855957
0.13342285
0.15270996
0.07965088
0.07965088
0.17297363
0.15637207
0.15869141
0.12231445
0.17321777
0.13452148
0.08538818
0.08398438
0.25903320
0.30053711
0.08398438
0.08062744
0.13586426
0.10626221
0.07965088
0.07965088
0.30249023
0.29980469
0.08099365
0.10089111
0.10565186
0.11639404
0.07965088
0.07965088
0.31591797
0.32104492
0.10723877
0.09655762
0.09655762
0.08978271
0.07965088
0.07965088
0.22436523
0.19531250
0.09216309
0.09851074
0.12371826
0.12707520
0.07965088
0.07965088
0.50634766
0.00000000
0.40014648
0.00000000
0.87353516
0.00000000
0.28808594
0.00000000
0.00000000
0.00000000
0.00000000
0.00000000
0.00000000
0.00000000
0.00000000
0.00000000
0.00000000
0.00000000
0.00000000
0.00000000
0.00000000
0.00000000
0.00000000
0.00000000
0.00000000
0.00000000
0.00000000
0.00000000
0.00000000
0.00000000
0.00000000
0.00000000
0.37524414
0.00000000
0.52539062
0.00000000
0.32666016
0.00000000
0.70458984
0.00000000
0.00000000
0.00000000
0.00000000
0.00000000
0.00000000
0.00000000
0.00000000
0.00000000
0.00000000
0.00000000
0.00000000
0.00000000
0.00000000
0.00000000
0.00000000
0.00000000
0.00000000
0.00000000
0.00000000
0.00000000
0.00000000
0.00000000
0.00000000
0.00000000
0.00000000
0.00000000
0.29321289
0.00000000
0.51367188
0.00000000
0.50195312
0.00000000
0.00000000
0.00000000
0.00000000
0.00000000
0.00000000
0.00000000
0.00000000
0.00000000
0.00000000
0.00000000
0.00000000
0.00000000
0.00000000
0.00000000
0.00000000
0.00000000
0.00000000
0.00000000
0.00000000
0.00000000
0.00000000
0.00000000
0.00000000
0.00000000
0.44458008
0.00000000
0.89550781
0.00000000
0.29003906
0.00000000
0.31665039
0.00000000
0.00000000
0.00000000
0.00000000
0.00000000
0.00000000
0.00000000
0.00000000
0.00000000
0.00000000
0.00000000
0.00000000
0.00000000
0.00000000
0.00000000
0.00000000
0.00000000
0.00000000
0.00000000
0.00000000
0.00000000
0.00000000
0.00000000
0.00000000
0.00000000
0.51367188
0.00000000
0.33251953
0.00000000
0.64550781
0.00000000
0.85253906
0.00000000
0.00000000
0.00000000
0.00000000
0.00000000
0.00000000
0.00000000
0.00000000
0.00000000
0.00000000
0.00000000
0.00000000
0.00000000
0.00000000
0.00000000
0.00000000
0.00000000
0.00000000
0.00000000
0.00000000
0.00000000
0.00000000
0.00000000
0.00000000
0.00000000
0.31689453
0.00000000
0.49877930
0.00000000
0.48217773
0.00000000
0.43261719
0.00000000
0.00000000
0.00000000
0.00000000
0.00000000
0.00000000
0.00000000
0.00000000
0.00000000
0.00000000
0.00000000
0.00000000
0.00000000
0.00000000
0.00000000
0.00000000
0.00000000
0.00000000
0.00000000
0.00000000
0.00000000
0.00000000
0.00000000
0.00000000
0.00000000
0.89599609
0.00000000
0.31542969
0.00000000
0.37475586
0.00000000
0.50927734
0.00000000
0.00000000
0.00000000
0.00000000
0.00000000
0.00000000
0.00000000
0.00000000
0.00000000
0.00000000
0.00000000
0.00000000
0.00000000
0.00000000
0.00000000
0.00000000
0.00000000
0.00000000
0.00000000
0.00000000
0.00000000
0.00000000
0.00000000
0.00000000
0.00000000
0.32397461
0.00000000
0.52001953
0.00000000
0.90869141
0.00000000
0.33715820
0.00000000
0.00000000
0.00000000
0.00000000
0.00000000
0.00000000
0.00000000
0.00000000
0.00000000
0.00000000
0.00000000
0.00000000
0.00000000
0.00000000
0.00000000
0.00000000
0.00000000
0.00000000
0.00000000
0.00000000
0.00000000
0.00000000
0.00000000
0.00000000
0.00000000
0.52148438
0.00000000
0.48583984
0.00000000
0.44848633
0.00000000
0.87548828
0.00000000
0.00000000
0.00000000
0.00000000
0.00000000
0.00000000
0.00000000
0.00000000
0.00000000
0.00000000
0.00000000
0.00000000
0.00000000
0.00000000
0.00000000
0.00000000
0.00000000
0.00000000
0.00000000
0.00000000
0.00000000
0.00000000
0.00000000
0.00000000
0.00000000
0.35522461
0.00000000
0.38500977
0.00000000
0.52148438
0.00000000
0.33374023
0.00000000
0.00000000
0.00000000
0.00000000
0.00000000
0.00000000
0.00000000
0.00000000
0.00000000
0.00000000
0.00000000
0.00000000
0.00000000
0.00000000
0.00000000
0.00000000
0.00000000
0.00000000
0.00000000
0.00000000
0.00000000
0.00000000
0.00000000
0.00000000
0.00000000
0.30834961
0.00000000
0.91406250
0.00000000
0.33227539
0.00000000
0.53466797
0.00000000
0.00000000
0.00000000
0.00000000
0.00000000
0.00000000
0.00000000
0.00000000
0.00000000
0.00000000
0.00000000
0.00000000
0.00000000
0.00000000
0.00000000
0.00000000
0.00000000
0.00000000
0.00000000
0.00000000
0.00000000
0.00000000
0.00000000
0.00000000
0.00000000
0.45141602
0.00000000
0.44799805
0.00000000
0.88623047
0.00000000
0.36206055
0.00000000
0.00000000
0.00000000
0.00000000
0.00000000
0.00000000
0.00000000
0.00000000
0.00000000
0.00000000
0.00000000
0.00000000
0.00000000
0.00000000
0.00000000
0.00000000
0.00000000
0.00000000
0.00000000
0.00000000
0.00000000
0.00000000
0.00000000
0.00000000
0.00000000
0.37939453
0.00000000
0.48193359
0.00000000
0.29248047
0.00000000
0.29101562
0.00000000
0.00000000
0.00000000
0.00000000
0.00000000
0.00000000
0.00000000
0.00000000
0.00000000
0.00000000
0.00000000
0.00000000
0.00000000
0.00000000
0.00000000
0.00000000
0.00000000
0.00000000
0.00000000
0.00000000
0.00000000
0.00000000
0.00000000
0.00000000
0.00000000
0.91064453
0.00000000
0.10089111
0.00000000
0.15295410
0.00000000
0.21459961
0.00000000
0.00000000
0.00000000
0.00000000
0.00000000
0.00000000
0.00000000
0.00000000
0.00000000
0.00000000
0.00000000
0.00000000
0.00000000
0.00000000
0.00000000
0.00000000
0.00000000
0.00000000
0.00000000
0.00000000
0.00000000
0.00000000
0.00000000
0.00000000
0.00000000
0.09075928
0.00000000
0.07965088
0.00000000
0.11157227
0.00000000
0.09411621
0.00000000
0.00000000
0.00000000
0.00000000
0.00000000
0.00000000
0.00000000
0.00000000
0.00000000
0.00000000
0.00000000
0.00000000
0.00000000
0.00000000
0.00000000
0.00000000
0.00000000
0.00000000
0.00000000
0.00000000
0.00000000
0.00000000
0.00000000
0.00000000
0.00000000
0.14221191
0.00000000
0.07861328
0.00000000
0.07965088
0.00000000
0.34448242
0.00000000
0.00000000
0.00000000
0.00000000
0.00000000
0.00000000
0.00000000
0.00000000
0.00000000
0.00000000
0.00000000
0.00000000
0.00000000
0.00000000
0.00000000
0.00000000
0.00000000
0.00000000
0.00000000
0.00000000
0.00000000
0.00000000
0.00000000
0.00000000
0.00000000
0.09649658
0.00000000
0.13879395
0.00000000
0.16906738
0.00000000
0.07965088
0.00000000
0.00000000
0.00000000
0.00000000
0.00000000
0.00000000
0.00000000
0.00000000
0.00000000
0.00000000
0.00000000
0.00000000
0.00000000
0.00000000
0.00000000
0.00000000
0.00000000
0.00000000
0.00000000
0.00000000
0.00000000
0.00000000
0.00000000
0.00000000
0.00000000
0.07965088
0.00000000
0.12176514
0.00000000
0.14660645
0.00000000
0.13549805
0.00000000
0.00000000
0.00000000
0.00000000
0.00000000
0.00000000
0.00000000
0.00000000
0.00000000
0.00000000
0.00000000
0.00000000
0.00000000
0.00000000
0.00000000
0.00000000
0.00000000
0.00000000
0.00000000
0.00000000
0.00000000
0.00000000
0.00000000
0.00000000
0.00000000
0.07965088
0.00000000
0.07965088
0.00000000
0.33032227
0.00000000
0.10565186
0.00000000
0.00000000
0.00000000
0.00000000
0.00000000
0.00000000
0.00000000
0.00000000
0.00000000
0.00000000
0.00000000
0.00000000
0.00000000
0.00000000
0.00000000
0.00000000
0.00000000
0.00000000
0.00000000
0.00000000
0.00000000
0.00000000
0.00000000
0.00000000
0.00000000
0.25927734
0.00000000
0.13586426
0.00000000
0.07965088
0.00000000
0.07965088
0.00000000
0.00000000
0.00000000
0.00000000
0.00000000
0.00000000
0.00000000
0.00000000
0.00000000
0.00000000
0.00000000
0.00000000
0.00000000
0.00000000
0.00000000
0.00000000
0.00000000
0.00000000
0.00000000
0.00000000
0.00000000
0.00000000
0.00000000
0.00000000
0.00000000
0.09948730
0.00000000
0.10766602
0.00000000
0.07226562
0.00000000
0.08636475
0.00000000
0.00000000
0.00000000
0.00000000
0.00000000
0.00000000
0.00000000
0.00000000
0.00000000
0.00000000
0.00000000
0.00000000
0.00000000
0.00000000
0.00000000
0.00000000
0.00000000
0.00000000
0.00000000
0.00000000
0.00000000
0.00000000
0.00000000
0.00000000
0.00000000
0.07965088
0.00000000
0.34570312
0.00000000
0.08398438
0.00000000
0.09552002
0.00000000
0.00000000
0.00000000
0.00000000
0.00000000
0.00000000
0.00000000
0.00000000
0.00000000
0.00000000
0.00000000
0.00000000
0.00000000
0.00000000
0.00000000
0.00000000
0.00000000
0.00000000
0.00000000
0.00000000
0.00000000
0.00000000
0.00000000
0.00000000
0.00000000
0.09216309
0.00000000
0.07965088
0.00000000
0.07965088
0.00000000
0.11499023
0.00000000
0.00000000
0.00000000
0.00000000
0.00000000
0.00000000
0.00000000
0.00000000
0.00000000
0.00000000
0.00000000
0.00000000
0.00000000
0.00000000
0.00000000
0.00000000
0.00000000
0.00000000
0.00000000
0.00000000
0.00000000
0.00000000
0.00000000
0.00000000
0.00000000
0.08099365
0.00000000
0.11541748
0.00000000
0.11157227
0.00000000
0.07965088
0.00000000
0.00000000
0.00000000
0.00000000
0.00000000
0.00000000
0.00000000
0.00000000
0.00000000
0.00000000
0.00000000
0.00000000
0.00000000
0.00000000
0.00000000
0.00000000
0.00000000
0.00000000
0.00000000
0.00000000
0.00000000
0.00000000
0.00000000
0.00000000
0.00000000
0.29516602
0.00000000
0.09613037
0.00000000
0.18896484
0.00000000
0.09515381
0.00000000
0.00000000
0.00000000
0.00000000
0.00000000
0.00000000
0.00000000
0.00000000
0.00000000
0.00000000
0.00000000
0.00000000
0.00000000
0.00000000
0.00000000
0.00000000
0.00000000
0.00000000
0.00000000
0.00000000
0.00000000
0.00000000
0.00000000
0.00000000
0.00000000
0.07965088
0.00000000
0.07965088
0.00000000
0.21411133
0.00000000
0.07189941
0.00000000
0.00000000
0.00000000
0.00000000
0.00000000
0.00000000
0.00000000
0.00000000
0.00000000
0.00000000
0.00000000
0.00000000
0.00000000
0.00000000
0.00000000
0.00000000
0.00000000
0.00000000
0.00000000
0.00000000
0.00000000
0.00000000
0.00000000
0.00000000
0.00000000
0.19091797
0.00000000
0.08636475
0.00000000
0.07965088
0.00000000
0.30102539
0.00000000
0.00000000
0.00000000
0.00000000
0.00000000
0.00000000
0.00000000
0.00000000
0.00000000
0.00000000
0.00000000
0.00000000
0.00000000
0.00000000
0.00000000
0.00000000
0.00000000
0.00000000
0.00000000
0.00000000
0.00000000
0.00000000
0.00000000
0.00000000
0.00000000
0.07824707
0.00000000
0.07965088
0.00000000
0.07965088
0.00000000
0.11798096
0.00000000
0.00000000
0.00000000
0.00000000
0.00000000
0.00000000
0.00000000
0.00000000
0.00000000
0.00000000
0.00000000
0.00000000
0.00000000
0.00000000
0.00000000
0.00000000
0.00000000
0.00000000
0.00000000
0.00000000
0.00000000
0.00000000
0.00000000
0.00000000
0.00000000
0.07965088
0.00000000
0.18457031
0.00000000
0.28540039
0.00000000
0.12658691
0.00000000
0.00000000
0.00000000
0.00000000
0.00000000
0.00000000
0.00000000
0.00000000
0.00000000
0.00000000
0.00000000
0.00000000
0.00000000
0.00000000
0.00000000
0.00000000
0.00000000
0.00000000
0.00000000
0.00000000
0.00000000
0.00000000
0.00000000
0.00000000
0.00000000
0.07965088
0.00000000
0.07965088
0.00000000
0.31640625
0.00000000
0.07965088
0.00000000
0.00000000
0.00000000
0.00000000
0.00000000
0.00000000
0.00000000
0.00000000
0.00000000
0.00000000
0.00000000
0.00000000
0.00000000
0.00000000
0.00000000
0.00000000
0.00000000
0.00000000
0.00000000
0.00000000
0.00000000
0.00000000
0.00000000
0.00000000
0.00000000
0.11798096
0.00000000
0.07525635
0.00000000
0.10620117
0.00000000
0.07623291
0.00000000
0.00000000
0.00000000
0.00000000
0.00000000
0.00000000
0.00000000
0.00000000
0.00000000
0.00000000
0.00000000
0.00000000
0.00000000
0.00000000
0.00000000
0.00000000
0.00000000
0.00000000
0.00000000
0.00000000
0.00000000
0.00000000
0.00000000
0.00000000
0.00000000
0.17199707
0.00000000
0.09173584
0.00000000
0.13049316
0.00000000
0.07965088
0.00000000
0.00000000
0.00000000
0.00000000
0.00000000
0.00000000
0.00000000
0.00000000
0.00000000
0.00000000
0.00000000
0.00000000
0.00000000
0.00000000
0.00000000
0.00000000
0.00000000
0.00000000
0.00000000
0.00000000
0.00000000
0.00000000
0.00000000
0.00000000
0.00000000
