0.34716797
0.35400391
0.40161133
0.40429688
0.28515625
0.24829102
0.28784180
0.28344727
0.38623047
0.41381836
0.40087891
0.41088867
0.24365234
0.24511719
0.26953125
0.29003906
0.40258789
0.40795898
0.41259766
0.39135742
0.22998047
0.24426270
0.00000000
0.15527344
0.39746094
0.39648438
0.37646484
0.37915039
0.25195312
0.25585938
0.10589600
0.09033203
0.09613037
0.08160400
0.16271973
0.14123535
0.48730469
0.49658203
0.44213867
0.46655273
0.07861328
0.07965088
0.15100098
0.20397949
0.46997070
0.47827148
0.52099609
0.51123047
0.07965088
0.07965088
0.19726562
0.19396973
0.48828125
0.49682617
0.45849609
0.39672852
0.07965088
0.07965088
0.22839355
0.21081543
0.48535156
0.49047852
0.38989258
0.37304688
0.27685547
0.28051758
0.17004395
0.14611816
0.09649658
0.07861328
0.34643555
0.36694336
0.29565430
0.28881836
0.09948730
0.07623291
0.08636475
0.12609863
0.39135742
0.41552734
0.29614258
0.30224609
0.07965088
0.07965088
0.14758301
0.15100098
0.45190430
0.46557617
0.29492188
0.29614258
0.08062744
0.08538818
0.16613770
0.19091797
0.46533203
0.48291016
0.42919922
0.43432617
0.28320312
0.27587891
0.27929688
0.28295898
0.13684082
0.11596680
0.40966797
0.40039062
0.25317383
0.22973633
0.29150391
0.28588867
0.15869141
0.16638184
0.41235352
0.42041016
0.23352051
0.23291016
0.29028320
0.00000000
0.11895752
0.10723877
0.42871094
0.41699219
0.21948242
0.23034668
0.07965088
0.07965088
0.09411621
0.11499023
0.16271973
0.15490723
0.53564453
0.48925781
0.45605469
0.46655273
0.27734375
0.27734375
0.15637207
0.16906738
0.50683594
0.55810547
0.48315430
0.49438477
0.28564453
0.28930664
0.18762207
0.22033691
0.55468750
0.55664062
0.51171875
0.50537109
0.29028320
0.28637695
0.23352051
0.24389648
0.56494141
0.56054688
0.41015625
0.35131836
0.29614258
0.30444336
0.07623291
0.07965088
0.16101074
0.09411621
0.36279297
0.37695312
0.45385742
0.42163086
0.07965088
0.07965088
0.07525635
0.11022949
0.41259766
0.45434570
0.42480469
0.44726562
0.07965088
0.07965088
0.16638184
0.15771484
0.48291016
0.46606445
0.45312500
0.47045898
0.07965088
0.07965088
0.15930176
0.20275879
0.46972656
0.51269531
0.46826172
0.43481445
0.34082031
0.30737305
0.29736328
0.28344727
0.11120605
0.08300781
0.14660645
0.12756348
0.28881836
0.26416016
0.29956055
0.28613281
0.08203125
0.07666016
0.13586426
0.22106934
0.23278809
0.23754883
0.28173828
0.29321289
0.08538818
0.07623291
0.22399902
0.22692871
0.23144531
0.22509766
0.00000000
0.08062744
0.07824707
0.07965088
0.23510742
0.20312500
0.53076172
0.52539062
0.48657227
0.50585938
0.25268555
0.28149414
0.08538818
0.07965088
0.55322266
0.56982422
0.51025391
0.49780273
0.28125000
0.29028320
0.07965088
0.07965088
0.57128906
0.55859375
0.45605469
0.42431641
0.27929688
0.27758789
0.07965088
0.07965088
0.56640625
0.54736328
0.45556641
0.41137695
0.29492188
0.29052734
0.08062744
0.07965088
0.09509277
0.13391113
0.34033203
0.37915039
0.53955078
0.56005859
0.33544922
0.33007812
0.12670898
0.07623291
0.40087891
0.44799805
0.49438477
0.46728516
0.32836914
0.29125977
0.08874512
0.14562988
0.47021484
0.47778320
0.48901367
0.49511719
0.29638672
0.28906250
0.15869141
0.15332031
0.51171875
0.50488281
0.44628906
0.44824219
0.24597168
0.24218750
0.29614258
0.29833984
0.08398438
0.11199951
0.09112549
0.14697266
0.50732422
0.54541016
0.29956055
0.29956055
0.11499023
0.09851074
0.20825195
0.24182129
0.54882812
0.54833984
0.30541992
0.29077148
0.09552002
0.08636475
0.23413086
0.23730469
0.56152344
0.54003906
0.29052734
0.00000000
0.07824707
0.07965088
0.21203613
0.20288086
0.56591797
0.57714844
0.39038086
0.39062500
0.24487305
0.25854492
0.07965088
0.07965088
0.08636475
0.08203125
0.39819336
0.40991211
0.26831055
0.29248047
0.07965088
0.07965088
0.11737061
0.13586426
0.41455078
0.40454102
0.30004883
0.31103516
0.07965088
0.07965088
0.14221191
0.09948730
0.37353516
0.35644531
0.30224609
0.30737305
0.07965088
0.07965088
0.07189941
0.08062744
0.34765625
0.37988281
0.51513672
0.48583984
0.29174805
0.29370117
0.31494141
0.31494141
0.46215820
0.46337891
0.47460938
0.46069336
0.32397461
0.32958984
0.30712891
0.30541992
0.48364258
0.52099609
0.43579102
0.41870117
0.27709961
0.29785156
0.29248047
0.28857422
0.52880859
0.52197266
0.40820312
0.40356445
0.31030273
0.26879883
0.28881836
0.29394531
0.10626221
0.07763672
0.23413086
0.27148438
0.53076172
0.54785156
0.26806641
0.27734375
0.10626221
0.13439941
0.27783203
0.22265625
0.56103516
0.56298828
0.28393555
0.29663086
0.11737061
0.09887695
0.23242188
0.22338867
0.57128906
0.58837891
0.30981445
0.32397461
0.11102295
0.10626221
0.21459961
0.24890137
0.56591797
0.55761719
0.29663086
0.30786133
0.26000977
0.26440430
0.07965088
0.07965088
0.10229492
0.10528564
0.42553711
0.38500977
0.26953125
0.28344727
0.07965088
0.07965088
0.10821533
0.11975098
0.45507812
0.48022461
0.28759766
0.29101562
0.07965088
0.07965088
0.14123535
0.15441895
0.48413086
0.50830078
0.30761719
0.30786133
0.07965088
0.07965088
0.21215820
0.18237305
0.51660156
0.52783203
0.46850586
0.47314453
0.25244141
0.24914551
0.32299805
0.32421875
0.07861328
0.08874512
0.48388672
0.43212891
0.29370117
0.32153320
0.31811523
0.30664062
0.15905762
0.20239258
0.41821289
0.38330078
0.31640625
0.28833008
0.30590820
0.29492188
0.12231445
0.08203125
0.36157227
0.34082031
0.28100586
0.29174805
0.29833984
0.29174805
0.11834717
0.13049316
0.32861328
0.34057617
0.55126953
0.55810547
0.21520996
0.20410156
0.29516602
0.28442383
0.34594727
0.32055664
0.57324219
0.56640625
0.23107910
0.26147461
0.29199219
0.30322266
0.29760742
0.29785156
0.54492188
0.55371094
0.26269531
0.23693848
0.29956055
0.29785156
0.30322266
0.31372070
0.52783203
0.55468750
0.25708008
0.25610352
0.31347656
0.31689453
0.07965088
0.07965088
0.14562988
0.16906738
0.37207031
0.34960938
0.41162109
0.39013672
0.07965088
0.07965088
0.14123535
0.11602783
0.39624023
0.46264648
0.34765625
0.33618164
0.07965088
0.07965088
0.12310791
0.09075928
0.49096680
0.48608398
0.32202148
0.32739258
0.07965088
0.07965088
0.08679199
0.12707520
0.50488281
0.52343750
0.31079102
0.26782227
0.22619629
0.23535156
0.34008789
0.34545898
0.07965088
0.07965088
0.34448242
0.34277344
0.25048828
0.30566406
0.34423828
0.32739258
0.08062744
0.08734131
0.33203125
0.32177734
0.36181641
0.33813477
0.32690430
0.30688477
0.13342285
0.15832520
0.32006836
0.31835938
0.25708008
0.23754883
0.30615234
0.31420898
0.18115234
0.14758301
0.31494141
0.33007812
0.55859375
0.57568359
0.14855957
0.13488770
0.31005859
0.31201172
0.08978271
0.08935547
0.55175781
0.54980469
0.15637207
0.16467285
0.31762695
0.31713867
0.07965088
0.07965088
0.52880859
0.51708984
0.17407227
0.19531250
0.31713867
0.31396484
0.07965088
0.07965088
0.50146484
0.47363281
0.20642090
0.18762207
0.32543945
0.33325195
0.07965088
0.07965088
0.07623291
0.09509277
0.32421875
0.37133789
0.31884766
0.30419922
0.20507812
0.22045898
0.16064453
0.18518066
0.43505859
0.49511719
0.28613281
0.27392578
0.24206543
0.28320312
0.15197754
0.10626221
0.52539062
0.53320312
0.24182129
0.23876953
0.33715820
0.35009766
0.09075928
0.09753418
0.52587891
0.54589844
0.20983887
0.22070312
0.30346680
0.23059082
0.37304688
0.38159180
0.07965088
0.07965088
0.22216797
0.25170898
0.54345703
0.56054688
0.39770508
0.39916992
0.08538818
0.08099365
0.28955078
0.30664062
0.54882812
0.52050781
0.39477539
0.35986328
0.08398438
0.08837891
0.29052734
0.29907227
0.47607422
0.47192383
0.36840820
0.37109375
0.09753418
0.10424805
0.30664062
0.34277344
0.44116211
0.38085938
0.15637207
0.15832520
0.33081055
0.34130859
0.07965088
0.07965088
0.13977051
0.13488770
0.16271973
0.15734863
0.33984375
0.34643555
0.07965088
0.07965088
0.12707520
0.18554688
0.15832520
0.15832520
0.33105469
0.35229492
0.07965088
0.07965088
0.15832520
0.14318848
0.16809082
0.17883301
0.34277344
0.35058594
0.07965088
0.07965088
0.13586426
0.12512207
0.37011719
0.44726562
0.30737305
0.30761719
0.19250488
0.21655273
0.40356445
0.41162109
0.45263672
0.49511719
0.31152344
0.27734375
0.22961426
0.27954102
0.41479492
0.41894531
0.51660156
0.48388672
0.26708984
0.27026367
0.33276367
0.34277344
0.40893555
0.41528320
0.52197266
0.54248047
0.25439453
0.24511719
0.32202148
0.27050781
0.41503906
0.40771484
0.07965088
0.07965088
0.22412109
0.25756836
0.52050781
0.52685547
0.15539551
0.15197754
0.07965088
0.08636475
0.29760742
0.27636719
0.46411133
0.42968750
0.14758301
0.15002441
0.08099365
0.07861328
0.19775391
0.19238281
0.43115234
0.40893555
0.15002441
0.15539551
0.07965088
0.09313965
0.29858398
0.36547852
0.39892578
0.39794922
0.16906738
0.17578125
0.37548828
0.37182617
0.00000000
0.07965088
0.08538818
0.10668945
0.43994141
0.44726562
0.36547852
0.38671875
0.07965088
0.07965088
0.12371826
0.14086914
0.45483398
0.49340820
0.38208008
0.39624023
0.07965088
0.07965088
0.11938477
0.10961914
0.49853516
0.50341797
0.38867188
0.39306641
0.07965088
0.07965088
0.17248535
0.21411133
0.52099609
0.53125000
0.29907227
0.28833008
0.22961426
0.24841309
0.45800781
0.44238281
0.09277344
0.08874512
0.28369141
0.26367188
0.26782227
0.30126953
0.44799805
0.44750977
0.07965088
0.07965088
0.26025391
0.26708984
0.33984375
0.36035156
0.44531250
0.45385742
0.07965088
0.07965088
0.25732422
0.25048828
0.35131836
0.30981445
0.45898438
0.44946289
0.08538818
0.08398438
0.20605469
0.26708984
0.47436523
0.46093750
0.17797852
0.15869141
0.37963867
0.38403320
0.28784180
0.31860352
0.46362305
0.45458984
0.14758301
0.15588379
0.38916016
0.39453125
0.32055664
0.32250977
0.44213867
0.42944336
0.16174316
0.17639160
0.42480469
0.42944336
0.34838867
0.26367188
0.40332031
0.39575195
0.19018555
0.18957520
0.42993164
0.44311523
0.39282227
0.00000000
0.07525635
0.10864258
0.46362305
0.49829102
0.30249023
0.31372070
0.07965088
0.07965088
0.14025879
0.17919922
0.49096680
0.48852539
0.30053711
0.28442383
0.08062744
0.08538818
0.22131348
0.20507812
0.49096680
0.50634766
0.27807617
0.28759766
0.07965088
0.07965088
0.21081543
0.15637207
0.50146484
0.48413086
0.28930664
0.28442383
0.25415039
0.27978516
0.48608398
0.47436523
0.15734863
0.12078857
0.09313965
0.21496582
0.30102539
0.33618164
0.47338867
0.46655273
0.10388184
0.07623291
0.28051758
0.30273438
0.34790039
0.36596680
0.46142578
0.46899414
0.07965088
0.07965088
0.35180664
0.35131836
0.34008789
0.32275391
0.47070312
0.46362305
0.07965088
0.07861328
0.28417969
0.22790527
0.45922852
0.40307617
0.12707520
0.12707520
0.38623047
0.39770508
0.42236328
0.42822266
0.41503906
0.42260742
0.15100098
0.15637207
0.41308594
0.44067383
0.00000000
0.07965088
0.40234375
0.41137695
0.16564941
0.17248535
0.45190430
0.45678711
0.07965088
0.07861328
0.39941406
0.39257812
0.17749023
0.18371582
0.47753906
0.49218750
0.09411621
0.13110352
0.13146973
0.13793945
0.47827148
0.49316406
0.30493164
0.31567383
0.28735352
0.29638672
0.19567871
0.22290039
0.47729492
0.49438477
0.30419922
0.29956055
0.32958984
0.34643555
0.20678711
0.21459961
0.47778320
0.46997070
0.28637695
0.24096680
0.34057617
0.35034180
0.19531250
0.23315430
0.47460938
0.49072266
0.21069336
0.20263672
0.34521484
0.31005859
0.52148438
0.50585938
0.14416504
0.08978271
0.16650391
0.14221191
0.48388672
0.46997070
0.50732422
0.52880859
0.09411621
0.08398438
0.23400879
0.29003906
0.42236328
0.37695312
0.50390625
0.50634766
0.07965088
0.07965088
0.27124023
0.25195312
0.40942383
0.38256836
0.50097656
0.50341797
0.07965088
0.08636475
0.32812500
0.41430664
0.36865234
0.34692383
0.42919922
0.45825195
0.38769531
0.42773438
0.27612305
0.27539062
0.07965088
0.07965088
0.46215820
0.46801758
0.44799805
0.42749023
0.28149414
0.29077148
0.07666016
0.15490723
0.47290039
0.48266602
0.41040039
0.44165039
0.27978516
0.28417969
0.24670410
0.22985840
0.47094727
0.43359375
0.50390625
0.51171875
0.29541016
0.30053711
0.14660645
0.08398438
0.08978271
0.09112549
0.24487305
0.27929688
0.52343750
0.50537109
0.34497070
0.35229492
0.10864258
0.09851074
0.26684570
0.32006836
0.48510742
0.48339844
0.33886719
0.32714844
0.10229492
0.08874512
0.33496094
0.32812500
0.45898438
0.42382812
0.28442383
0.26806641
0.07861328
0.10864258
0.34667969
0.36157227
0.41870117
0.39990234
0.24218750
0.23730469
0.29516602
0.29150391
0.07965088
0.08062744
0.19091797
0.20507812
0.48852539
0.50683594
0.29736328
0.29687500
0.11401367
0.12707520
0.21557617
0.19970703
0.51171875
0.50048828
0.28320312
0.26831055
0.14855957
0.07965088
0.17456055
0.16613770
0.52685547
0.50976562
0.28002930
0.28369141
0.07525635
0.08062744
0.14562988
0.15832520
0.50097656
0.50830078
0.42895508
0.42944336
0.24255371
0.25634766
0.07965088
0.07965088
0.12377930
0.08837891
0.44458008
0.45703125
0.27612305
0.27001953
0.09075928
0.10522461
0.09509277
0.11596680
0.46557617
0.43432617
0.27709961
0.28979492
0.10620117
0.08398438
0.12707520
0.08636475
0.44580078
0.50781250
0.28417969
0.27514648
0.07666016
0.07623291
0.07525635
0.10388184
0.18664551
0.26831055
0.52929688
0.53808594
0.37304688
0.33984375
0.31005859
0.30419922
0.31127930
0.27832031
0.53613281
0.52392578
0.35742188
0.34545898
0.30859375
0.29785156
0.32641602
0.35180664
0.46997070
0.42553711
0.34252930
0.31079102
0.28198242
0.29028320
0.38305664
0.41259766
0.40771484
0.41601562
0.28515625
0.25292969
0.29516602
0.29296875
0.08636475
0.09655762
0.20751953
0.21508789
0.50341797
0.48999023
0.44067383
0.44824219
0.11834717
0.14221191
0.24108887
0.21081543
0.52001953
0.52197266
0.47216797
0.42553711
0.14758301
0.12915039
0.18261719
0.15197754
0.52343750
0.54833984
0.45898438
0.46801758
0.12133789
0.12915039
0.13781738
0.15930176
0.52978516
0.56152344
0.50878906
0.52734375
0.22839355
0.21765137
0.08062744
0.08300781
0.07965088
0.07965088
0.18762207
0.24084473
0.24255371
0.24536133
0.08099365
0.08099365
0.09552002
0.10522461
0.28271484
0.28051758
0.26025391
0.27001953
0.08062744
0.07965088
0.13049316
0.14697266
0.33984375
0.38476562
0.27783203
0.28002930
0.07965088
0.07965088
0.10186768
0.07525635
0.40502930
0.43530273
0.58203125
0.57861328
0.36596680
0.32666016
0.29956055
0.29809570
0.07965088
0.07965088
0.56494141
0.54882812
0.33935547
0.34301758
0.29809570
0.29345703
0.07965088
0.08203125
0.50781250
0.50537109
0.35302734
0.33520508
0.28808594
0.28662109
0.07666016
0.07623291
0.46606445
0.44799805
0.31567383
0.29882812
0.29052734
0.28271484
0.07965088
0.07965088
0.23278809
0.26611328
0.50097656
0.50830078
0.41015625
0.37011719
0.22058105
0.24060059
0.21557617
0.17187500
0.53125000
0.56835938
0.40502930
0.43554688
0.23217773
0.22534180
0.11303711
0.09552002
0.54394531
0.52539062
0.46582031
0.46923828
0.24670410
0.26879883
0.13391113
0.18603516
0.48486328
0.52294922
0.48120117
0.48510742
0.27294922
0.29150391
0.07965088
0.07965088
0.07965088
0.07965088
0.26171875
0.31640625
0.61132812
0.58593750
0.07965088
0.07965088
0.07965088
0.08160400
0.30712891
0.34765625
0.58447266
0.60058594
0.07965088
0.07965088
0.09509277
0.08636475
0.34106445
0.37084961
0.54492188
0.53222656
0.07965088
0.07965088
0.13244629
0.14904785
0.42016602
0.44604492
0.49218750
0.48901367
0.41015625
0.31152344
0.29394531
0.30981445
0.07965088
0.07965088
0.09613037
0.08398438
0.25903320
0.28686523
0.30810547
0.29760742
0.08300781
0.10046387
0.08435059
0.07666016
0.30322266
0.32080078
0.30493164
0.29833984
0.08636475
0.10961914
0.12609863
0.20825195
0.32861328
0.32104492
0.30737305
0.30322266
0.13244629
0.13110352
0.30981445
0.25878906
0.50927734
0.54199219
0.37353516
0.36059570
0.24255371
0.23339844
0.00000000
0.07965088
0.55566406
0.51904297
0.34497070
0.32714844
0.23754883
0.24023438
0.07965088
0.07965088
0.48559570
0.52734375
0.32543945
0.32641602
0.23999023
0.24438477
0.07965088
0.07965088
0.57910156
0.58203125
0.33789062
0.36352539
0.25415039
0.26806641
0.07965088
0.07965088
0.09216309
0.07861328
0.27587891
0.25488281
0.55859375
0.55810547
0.33862305
0.28369141
0.07965088
0.07965088
0.27709961
0.33789062
0.53857422
0.52490234
0.26416016
0.25292969
0.09216309
0.08538818
0.40112305
0.37109375
0.47875977
0.47558594
0.27075195
0.26367188
0.08538818
0.09851074
0.39013672
0.45092773
0.49169922
0.46386719
0.26855469
0.31689453
0.32128906
0.33325195
0.07965088
0.07965088
0.16748047
0.25170898
0.51367188
0.53076172
0.32592773
0.32299805
0.07965088
0.07861328
0.25268555
0.25292969
0.52441406
0.54492188
0.32031250
0.31787109
0.08636475
0.12805176
0.28100586
0.26782227
0.58203125
0.57958984
0.32055664
0.30566406
0.11895752
0.08502197
0.26318359
0.26269531
0.57128906
0.55664062
0.32836914
0.32519531
0.27392578
0.26977539
0.29589844
0.00000000
0.11932373
0.08636475
0.29467773
0.26733398
0.28393555
0.28735352
0.07965088
0.07965088
0.08837891
0.07861328
0.26025391
0.24584961
0.26562500
0.27465820
0.07965088
0.07965088
0.07824707
0.09411621
0.25561523
0.29882812
0.27880859
0.27343750
0.07965088
0.07965088
0.13781738
0.15832520
0.33154297
0.33227539
0.50537109
0.49804688
0.26025391
0.25488281
0.32031250
0.32275391
0.31225586
0.33935547
0.47167969
0.47412109
0.24816895
0.24658203
0.33374023
0.32836914
0.39013672
0.37548828
0.46533203
0.48364258
0.25146484
0.24645996
0.32421875
0.33422852
0.36572266
0.44287109
0.43872070
0.41284180
0.26269531
0.29345703
0.32006836
0.32153320
0.07965088
0.07965088
0.18652344
0.19848633
0.52783203
0.55419922
0.24218750
0.20507812
0.07965088
0.07965088
0.26879883
0.33593750
0.56738281
0.56103516
0.16369629
0.16992188
0.07965088
0.07965088
0.36840820
0.37377930
0.54785156
0.54785156
0.17675781
0.16613770
0.08062744
0.10528564
0.35205078
0.32666016
0.55322266
0.55468750
0.18713379
0.17980957
0.24621582
0.24707031
0.31201172
0.32153320
0.10522461
0.11102295
0.34838867
0.34423828
0.27099609
0.29321289
0.00000000
0.08099365
0.11639404
0.09753418
0.33032227
0.36181641
0.27905273
0.30468750
0.08636475
0.07861328
0.08300781
0.12707520
0.36157227
0.34399414
0.28979492
0.31079102
0.07965088
0.07965088
0.13244629
0.11596680
0.37353516
0.44433594
0.44653320
0.45825195
0.20544434
0.21264648
0.34301758
0.34960938
0.07965088
0.07965088
0.45922852
0.39697266
0.22631836
0.22290039
0.35327148
0.35546875
0.07965088
0.07965088
0.35034180
0.33959961
0.22045898
0.22192383
0.35888672
0.37524414
0.07965088
0.07965088
0.31201172
0.29345703
0.22961426
0.25830078
0.36572266
0.36645508
0.08062744
0.08538818
0.13342285
0.15832520
0.52294922
0.53417969
0.21081543
0.19970703
0.20971680
0.23730469
0.17248535
0.20642090
0.58154297
0.57910156
0.18457031
0.16174316
0.25537109
0.28491211
0.29467773
0.30834961
0.57373047
0.54785156
0.15734863
0.16906738
0.32421875
0.32910156
0.28710938
0.30712891
0.55810547
0.54052734
0.15637207
0.16711426
0.32568359
0.33203125
0.36010742
0.34692383
0.13879395
0.15002441
0.36059570
0.37988281
0.35205078
0.33471680
0.36059570
0.00000000
0.13586426
0.12609863
0.40283203
0.40161133
0.31420898
0.28930664
0.07965088
0.07965088
0.08874512
0.08837891
0.34545898
0.38354492
0.32202148
0.31689453
0.08300781
0.07965088
0.11840820
0.18957520
0.43872070
0.49072266
0.31250000
0.29272461
0.18225098
0.19592285
0.36645508
0.38110352
0.07965088
0.07965088
0.10662842
0.13244629
0.20031738
0.19970703
0.37207031
0.39160156
0.07965088
0.07965088
0.17480469
0.20922852
0.20019531
0.21850586
0.39599609
0.40380859
0.07965088
0.07965088
0.19567871
0.21020508
0.22570801
0.25830078
0.39306641
0.39819336
0.07965088
0.08978271
0.21911621
0.23669434
0.52148438
0.52343750
0.21911621
0.21118164
0.21289062
0.19885254
0.39819336
0.39965820
0.54199219
0.55224609
0.18859863
0.16027832
0.23486328
0.30078125
0.39501953
0.37011719
0.54833984
0.55078125
0.15100098
0.14855957
0.34228516
0.34960938
0.00000000
0.07965088
0.50976562
0.44506836
0.14855957
0.15295410
0.35424805
0.36840820
0.07965088
0.07965088
0.10864258
0.11541748
0.34033203
0.37695312
0.39306641
0.37792969
0.18750000
0.18518066
0.14453125
0.13488770
0.35253906
0.36401367
0.35791016
0.34790039
0.18420410
0.18859863
0.07965088
0.09515381
0.38378906
0.43579102
0.32519531
0.31420898
0.19531250
0.21459961
0.10522461
0.09313965
0.44262695
0.43505859
0.30004883
0.27954102
0.24206543
0.27563477
0.39819336
0.39331055
0.07965088
0.07965088
0.17248535
0.15734863
0.50781250
0.52490234
0.41064453
0.41870117
0.07965088
0.07965088
0.10424805
0.14758301
0.52929688
0.49511719
0.42309570
0.41748047
0.07861328
0.07965088
0.21801758
0.23876953
0.51367188
0.50439453
0.41943359
0.41455078
0.07965088
0.07965088
0.27856445
0.28833008
0.47338867
0.45971680
0.23303223
0.21142578
0.23474121
0.20141602
0.43750000
0.43505859
0.07623291
0.10284424
0.18713379
0.18151855
0.22180176
0.31909180
0.41381836
0.40283203
0.13586426
0.13977051
0.16174316
0.16467285
0.37744141
0.37573242
0.39477539
0.00000000
0.08398438
0.07965088
0.15686035
0.15832520
0.38110352
0.38134766
0.07965088
0.07965088
0.10089111
0.17150879
0.33325195
0.41918945
0.39794922
0.36450195
0.19250488
0.20031738
0.43554688
0.45214844
0.36938477
0.40405273
0.35009766
0.35180664
0.21179199
0.22570801
0.45068359
0.45458984
0.43212891
0.46044922
0.31420898
0.29370117
0.22900391
0.23535156
0.46313477
0.45556641
0.47534180
0.47509766
0.28564453
0.28125000
0.26367188
0.29296875
0.46752930
0.45971680
0.08398438
0.10723877
0.23669434
0.21228027
0.47094727
0.46923828
0.25415039
0.24841309
0.13781738
0.15771484
0.19628906
0.11260986
0.48217773
0.46728516
0.22424316
0.19506836
0.14294434
0.12213135
0.10723877
0.23071289
0.41870117
0.45556641
0.17077637
0.14660645
0.10723877
0.07623291
0.26733398
0.30273438
0.44482422
0.44360352
0.14221191
0.14953613
0.25537109
0.17272949
0.46533203
0.45092773
0.08538818
0.13586426
0.34570312
0.41357422
0.20739746
0.33251953
0.44238281
0.44555664
0.12036133
0.11834717
0.43334961
0.42358398
0.38989258
0.38452148
0.43237305
0.41284180
0.08538818
0.09411621
0.48120117
0.48730469
0.38891602
0.40600586
0.00000000
0.07965088
0.13012695
0.19091797
0.47119141
0.48168945
0.38110352
0.35107422
0.20458984
0.21997070
0.49731445
0.48974609
0.08734131
0.12915039
0.35620117
0.32641602
0.24743652
0.25952148
0.49804688
0.50000000
0.14221191
0.13110352
0.32324219
0.30883789
0.27368164
0.27563477
0.48754883
0.47460938
0.13781738
0.12512207
0.30249023
0.30273438
0.31005859
0.33862305
0.49047852
0.48437500
0.10583496
0.09075928
0.22241211
0.24865723
0.49414062
0.50488281
0.22106934
0.24804688
0.26123047
0.18505859
0.27392578
0.25024414
0.50830078
0.50927734
0.23596191
0.23315430
0.24987793
0.38745117
0.14562988
0.13391113
0.48388672
0.45849609
0.23107910
0.15161133
0.40893555
0.40698242
0.24023438
0.31274414
0.43750000
0.42968750
0.13049316
0.14953613
0.42358398
0.42895508
0.49609375
0.49389648
0.08203125
0.12316895
0.40917969
0.41699219
0.35205078
0.31811523
0.47875977
0.47338867
0.11102295
0.10864258
0.44873047
0.42163086
0.29248047
0.32519531
0.45678711
0.45434570
0.19470215
0.24011230
0.45361328
0.48999023
0.30883789
0.30810547
0.43066406
0.00000000
0.26293945
0.27856445
0.49462891
0.50732422
0.30053711
0.26928711
0.46118164
0.50781250
0.43603516
0.36181641
0.30395508
0.30541992
0.07525635
0.07965088
0.49951172
0.51757812
0.38159180
0.38793945
0.28686523
0.29077148
0.07965088
0.09075928
0.50585938
0.48974609
0.38378906
0.35498047
0.29516602
0.28710938
0.09411621
0.07861328
0.44482422
0.42382812
0.33227539
0.29785156
0.29199219
0.29492188
0.07965088
0.07965088
0.13244629
0.13684082
0.39721680
0.41723633
0.40820312
0.41699219
0.23767090
0.22241211
0.15539551
0.17639160
0.42724609
0.44409180
0.41503906
0.40258789
0.22045898
0.22900391
0.16369629
0.17602539
0.46484375
0.48876953
0.39794922
0.41723633
0.24951172
0.27783203
0.19726562
0.19580078
0.51953125
0.50292969
0.42529297
0.45385742
0.27856445
0.27783203
0.28906250
0.00000000
0.07623291
0.07623291
0.20507812
0.20263672
0.51513672
0.51464844
0.07623291
0.07623291
0.07861328
0.08062744
0.22692871
0.23742676
0.51904297
0.50976562
0.07965088
0.07965088
0.11065674
0.12176514
0.20922852
0.24560547
0.50927734
0.51123047
0.08300781
0.10388184
0.09851074
0.09991455
0.28833008
0.28588867
0.48071289
0.50048828
0.54101562
0.50732422
0.28027344
0.28393555
0.07965088
0.07965088
0.15332031
0.16467285
0.41210938
0.36621094
0.30346680
0.30737305
0.07965088
0.07965088
0.16467285
0.18530273
0.35473633
0.34350586
0.31420898
0.29418945
0.07861328
0.07623291
0.20776367
0.20117188
0.35546875
0.33959961
0.30151367
0.29809570
0.09411621
0.12609863
0.20166016
0.22265625
0.43896484
0.45214844
0.45166016
0.45922852
0.23278809
0.23718262
0.27734375
0.29345703
0.48583984
0.49316406
0.43945312
0.43286133
0.22741699
0.21850586
0.00000000
0.07965088
0.49267578
0.48754883
0.43676758
0.45336914
0.21313477
0.23193359
0.07965088
0.07965088
0.49414062
0.50244141
0.44750977
0.43359375
0.25195312
0.25732422
0.07965088
0.07965088
0.12512207
0.11157227
0.19726562
0.20910645
0.55175781
0.54296875
0.48828125
0.46752930
0.09887695
0.08398438
0.21325684
0.22277832
0.56054688
0.55908203
0.48095703
0.42846680
0.08398438
0.08636475
0.23376465
0.22180176
0.55126953
0.55908203
0.35913086
0.35766602
0.08636475
0.08203125
0.28515625
0.30078125
0.58349609
0.57421875
0.36694336
0.35034180
0.28979492
0.29321289
0.07965088
0.07965088
0.11260986
0.16210938
0.46166992
0.46459961
0.27832031
0.29150391
0.07965088
0.07965088
0.16540527
0.14660645
0.47021484
0.48168945
0.29223633
0.29150391
0.07965088
0.08398438
0.19189453
0.23645020
0.50195312
0.49584961
0.30200195
0.29418945
0.09313965
0.10961914
0.22521973
0.22473145
0.52148438
0.54199219
0.44140625
0.46020508
0.28540039
0.24719238
0.28344727
0.28540039
0.08062744
0.07965088
0.49511719
0.46215820
0.23913574
0.23974609
0.29223633
0.00000000
0.07965088
0.07965088
0.41625977
0.40747070
0.22607422
0.22424316
0.08636475
0.09411621
0.07965088
0.07965088
0.40502930
0.43652344
0.22595215
0.24011230
0.09075928
0.08636475
0.07965088
0.08636475
0.21325684
0.23413086
0.55859375
0.53808594
0.46118164
0.41186523
0.28955078
0.28417969
0.23510742
0.24902344
0.57958984
0.58105469
0.38720703
0.42846680
0.28613281
0.29931641
0.21020508
0.22998047
0.58984375
0.59179688
0.41528320
0.33081055
0.31005859
0.30224609
0.28149414
0.30493164
0.56933594
0.56250000
0.29248047
0.29003906
0.30981445
0.30517578
0.07965088
0.07965088
0.10150146
0.07525635
0.45947266
0.48217773
0.48266602
0.44580078
0.07965088
0.08538818
0.11022949
0.13793945
0.50488281
0.51660156
0.42700195
0.43017578
0.08062744
0.07965088
0.14453125
0.16943359
0.52636719
0.53417969
0.40478516
0.38452148
0.07965088
0.08398438
0.15539551
0.12377930
0.56054688
0.56152344
0.39062500
0.40087891
0.30346680
0.32983398
0.29736328
0.29345703
0.11639404
0.08776855
0.23681641
0.23547363
0.29492188
0.25708008
0.28784180
0.29223633
0.09790039
0.09216309
0.21997070
0.22705078
0.25024414
0.23889160
0.00000000
0.07965088
0.08099365
0.07965088
0.22900391
0.29272461
0.23400879
0.23999023
0.07965088
0.07965088
0.07965088
0.07965088
0.31250000
0.31445312
0.56494141
0.58642578
0.39599609
0.37670898
0.28173828
0.29882812
0.07965088
0.07965088
0.56347656
0.56542969
0.35937500
0.38110352
0.30786133
0.31152344
0.07965088
0.07965088
0.57128906
0.58203125
0.33593750
0.32568359
0.32861328
0.31933594
0.07965088
0.07965088
0.59277344
0.54833984
0.28784180
0.25683594
0.31469727
0.32055664
0.07965088
0.07965088
0.13342285
0.16943359
0.45703125
0.50146484
0.42211914
0.42993164
0.33007812
0.28027344
0.17614746
0.12133789
0.51074219
0.52148438
0.42236328
0.37988281
0.29150391
0.30664062
0.11260986
0.10345459
0.52148438
0.52734375
0.33032227
0.32397461
0.29638672
0.26928711
0.11700439
0.17919922
0.51757812
0.53515625
0.31567383
0.29614258
0.25219727
0.24450684
0.29931641
0.29394531
0.08978271
0.12176514
0.23547363
0.24548340
0.56591797
0.58007812
0.29882812
0.29125977
0.11834717
0.12609863
0.24621582
0.27246094
0.58007812
0.57080078
0.29052734
0.00000000
0.11596680
0.08538818
0.27734375
0.29614258
0.56445312
0.51318359
0.07965088
0.07965088
0.07861328
0.07965088
0.27661133
0.30151367
0.49316406
0.49438477
0.28393555
0.28320312
0.29052734
0.29345703
0.07965088
0.07965088
0.14660645
0.12310791
0.27612305
0.27270508
0.30175781
0.31469727
0.07965088
0.07965088
0.11065674
0.15539551
0.27490234
0.29638672
0.31469727
0.31713867
0.07965088
0.07965088
0.16992188
0.15002441
0.28344727
0.24584961
0.33496094
0.33276367
0.07965088
0.07965088
0.29663086
0.36425781
0.48120117
0.47021484
0.34252930
0.33081055
0.34912109
0.31372070
0.31298828
0.30834961
0.49169922
0.52099609
0.33496094
0.32958984
0.26293945
0.25732422
0.29174805
0.29687500
0.53613281
0.53710938
0.32055664
0.28857422
0.27661133
0.26416016
0.29760742
0.30786133
0.53759766
0.56103516
0.24414062
0.22631836
0.26147461
0.28588867
0.00000000
0.07965088
0.17712402
0.22229004
0.31469727
0.32055664
0.57324219
0.53466797
0.20788574
0.23681641
0.16845703
0.10961914
0.30419922
0.31591797
0.52050781
0.52148438
0.23278809
0.23413086
0.09112549
0.09552002
0.35351562
0.34960938
0.50634766
0.48657227
0.22192383
0.23229980
0.10961914
0.09075928
0.35302734
0.33081055
0.48974609
0.45507812
0.23706055
0.23168945
0.30664062
0.31250000
0.07965088
0.07965088
0.09411621
0.11639404
0.46533203
0.51562500
0.31860352
0.32153320
0.07965088
0.07965088
0.09112549
0.08978271
0.52246094
0.52929688
0.33105469
0.32788086
0.07965088
0.07965088
0.12609863
0.16638184
0.52441406
0.53613281
0.35571289
0.32446289
0.07965088
0.07965088
0.21020508
0.24731445
0.56054688
0.55810547
0.29467773
0.27758789
0.33032227
0.35327148
0.34033203
0.33056641
0.08538818
0.11065674
0.27270508
0.23620605
0.32177734
0.25146484
0.34375000
0.34545898
0.13488770
0.14221191
0.22839355
0.18957520
0.21630859
0.23632812
0.33813477
0.31030273
0.15637207
0.12036133
0.18811035
0.16943359
0.25390625
0.26464844
0.34375000
0.00000000
0.11877441
0.10668945
0.32885742
0.32348633
0.51904297
0.50390625
0.17541504
0.16809082
0.32250977
0.33422852
0.31933594
0.32910156
0.50634766
0.44799805
0.17248535
0.17053223
0.32885742
0.34790039
0.33374023
0.34277344
0.40332031
0.39770508
0.18322754
0.19970703
0.35156250
0.35058594
0.37109375
0.39306641
0.39428711
0.36669922
0.20849609
0.21374512
0.36352539
0.37622070
0.07965088
0.07965088
0.18518066
0.14855957
0.53125000
0.53222656
0.27734375
0.28491211
0.07965088
0.07965088
0.10388184
0.09075928
0.52783203
0.52880859
0.26025391
0.23937988
0.07965088
0.07965088
0.09991455
0.14221191
0.54150391
0.54345703
0.21887207
0.20983887
0.07965088
0.07965088
0.16711426
0.17346191
0.53955078
0.55615234
0.20703125
0.18957520
0.31494141
0.34277344
0.38549805
0.40454102
0.08062744
0.08538818
0.27856445
0.33276367
0.33569336
0.28784180
0.39843750
0.39135742
0.10626221
0.11157227
0.34301758
0.31982422
0.22302246
0.20214844
0.39624023
0.37500000
0.09948730
0.09991455
0.35327148
0.39111328
0.23620605
0.24914551
0.36840820
0.38134766
0.13146973
0.12805176
0.40698242
0.39794922
0.46264648
0.42749023
0.15637207
0.15832520
0.36547852
0.37426758
0.07965088
0.07965088
0.38818359
0.35229492
0.16564941
0.15979004
0.36621094
0.37475586
0.07965088
0.07965088
0.34667969
0.33935547
0.16906738
0.18322754
0.39233398
0.37963867
0.07965088
0.07965088
0.34252930
0.32031250
0.19921875
0.20129395
0.39062500
0.40209961
0.07965088
0.07965088
0.10424805
0.16467285
0.47802734
0.49829102
0.27197266
0.26562500
0.31445312
0.33764648
0.16271973
0.16564941
0.49560547
0.51708984
0.25366211
0.24951172
0.33496094
0.31201172
0.15539551
0.12036133
0.53222656
0.54492188
0.23498535
0.21130371
0.25000000
0.20947266
0.12573242
0.17822266
0.52929688
0.52099609
0.19494629
0.18261719
0.20275879
0.24523926
0.42456055
0.43139648
0.07965088
0.07965088
0.28955078
0.30053711
0.44189453
0.42431641
0.42675781
0.43383789
0.08062744
0.07965088
0.26684570
0.22827148
0.41528320
0.40478516
0.43481445
0.42187500
0.08398438
0.08203125
0.32958984
0.37377930
0.40380859
0.39550781
0.40942383
0.39941406
0.11499023
0.14758301
0.36816406
0.35913086
0.35034180
0.33374023
0.15539551
0.15295410
0.41406250
0.41040039
0.07965088
0.07965088
0.19799805
0.22668457
0.17346191
0.18518066
0.41650391
0.41601562
0.07965088
0.07965088
0.17089844
0.16699219
0.18908691
0.19726562
0.42626953
0.41943359
0.07965088
0.07965088
0.26000977
0.21386719
0.19494629
0.19091797
0.42651367
0.42260742
0.10522461
0.11932373
0.17736816
0.10186768
0.48144531
0.49682617
0.27148438
0.27050781
0.32006836
0.34106445
0.44018555
0.44604492
0.50292969
0.53906250
0.26635742
0.27246094
0.35888672
0.33789062
0.45922852
0.46289062
0.50732422
0.49804688
0.26074219
0.24316406
0.29028320
0.20153809
0.45092773
0.45678711
0.49316406
0.49487305
0.21997070
0.21679688
0.17395020
0.27612305
0.43774414
0.44335938
0.07965088
0.07965088
0.32836914
0.34448242
0.44799805
0.42333984
0.15930176
0.17736816
0.07965088
0.07965088
0.37280273
0.29077148
0.40039062
0.38623047
0.18493652
0.17687988
0.09112549
0.12133789
0.21411133
0.38574219
0.39526367
0.38354492
0.18212891
0.20605469
0.13244629
0.13049316
0.41406250
0.40820312
0.35473633
0.35034180
0.22192383
0.24206543
0.42578125
0.43432617
0.07965088
0.07965088
0.18762207
0.23120117
0.49340820
0.48632812
0.46240234
0.46411133
0.07965088
0.07965088
0.19970703
0.21154785
0.49780273
0.49877930
0.45068359
0.47778320
0.08636475
0.11199951
0.19909668
0.24182129
0.48291016
0.48632812
0.48193359
0.47387695
0.10925293
0.11834717
0.22412109
0.20849609
0.48144531
0.47583008
0.30908203
0.30200195
0.34326172
0.36401367
0.49121094
0.48413086
0.08062744
0.07965088
0.26831055
0.24938965
0.36303711
0.31933594
0.49047852
0.49023438
0.07965088
0.09655762
0.24230957
0.20971680
0.28930664
0.19335938
0.46997070
0.47827148
0.08978271
0.09991455
0.19018555
0.17175293
0.19238281
0.31127930
0.47509766
0.44750977
0.12176514
0.11779785
0.32250977
0.29882812
0.39819336
0.37158203
0.14660645
0.14416504
0.45336914
0.48095703
0.27172852
0.29345703
0.37646484
0.37255859
0.14660645
0.16003418
0.48608398
0.49951172
0.37719727
0.39086914
0.36914062
0.33374023
0.20214844
0.20349121
0.51416016
0.52001953
0.42138672
0.41455078
0.28247070
0.30126953
0.21191406
0.25805664
0.52392578
0.52001953
0.07965088
0.07965088
0.23950195
0.22814941
0.50195312
0.47143555
0.23608398
0.18981934
0.07623291
0.10046387
0.25781250
0.23071289
0.48632812
0.49438477
0.18627930
0.25732422
0.15429688
0.17077637
0.21484375
0.23632812
0.52490234
0.49633789
0.32202148
0.36669922
0.12609863
0.13586426
0.29125977
0.32128906
0.47656250
0.49658203
0.36303711
0.26586914
0.43798828
0.00000000
0.27319336
0.00000000
0.28393555
0.00000000
0.08502197
0.00000000
0.00000000
0.00000000
0.00000000
0.00000000
0.00000000
0.00000000
0.00000000
0.00000000
0.00000000
0.00000000
0.00000000
0.00000000
0.00000000
0.00000000
0.00000000
0.00000000
0.00000000
0.00000000
0.00000000
0.00000000
0.00000000
0.00000000
0.00000000
0.00000000
0.18811035
0.00000000
0.49853516
0.00000000
0.46215820
0.00000000
0.28320312
0.00000000
0.00000000
0.00000000
0.00000000
0.00000000
0.00000000
0.00000000
0.00000000
0.00000000
0.00000000
0.00000000
0.00000000
0.00000000
0.00000000
0.00000000
0.00000000
0.00000000
0.00000000
0.00000000
0.00000000
0.00000000
0.00000000
0.00000000
0.00000000
0.00000000
0.15930176
0.00000000
0.11541748
0.00000000
0.32983398
0.00000000
0.47631836
0.00000000
0.00000000
0.00000000
0.00000000
0.00000000
0.00000000
0.00000000
0.00000000
0.00000000
0.00000000
0.00000000
0.00000000
0.00000000
0.00000000
0.00000000
0.00000000
0.00000000
0.00000000
0.00000000
0.00000000
0.00000000
0.00000000
0.00000000
0.00000000
0.00000000
0.34472656
0.00000000
0.28686523
0.00000000
0.15466309
0.00000000
0.21203613
0.00000000
0.00000000
0.00000000
0.00000000
0.00000000
0.00000000
0.00000000
0.00000000
0.00000000
0.00000000
0.00000000
0.00000000
0.00000000
0.00000000
0.00000000
0.00000000
0.00000000
0.00000000
0.00000000
0.00000000
0.00000000
0.00000000
0.00000000
0.00000000
0.00000000
0.53906250
0.00000000
0.44531250
0.00000000
0.26879883
0.00000000
0.07623291
0.00000000
0.00000000
0.00000000
0.00000000
0.00000000
0.00000000
0.00000000
0.00000000
0.00000000
0.00000000
0.00000000
0.00000000
0.00000000
0.00000000
0.00000000
0.00000000
0.00000000
0.00000000
0.00000000
0.00000000
0.00000000
0.00000000
0.00000000
0.00000000
0.00000000
0.13623047
0.00000000
0.30249023
0.00000000
0.52441406
0.00000000
0.34472656
0.00000000
0.00000000
0.00000000
0.00000000
0.00000000
0.00000000
0.00000000
0.00000000
0.00000000
0.00000000
0.00000000
0.00000000
0.00000000
0.00000000
0.00000000
0.00000000
0.00000000
0.00000000
0.00000000
0.00000000
0.00000000
0.00000000
0.00000000
0.00000000
0.00000000
0.30053711
0.00000000
0.12817383
0.00000000
0.19030762
0.00000000
0.53173828
0.00000000
0.00000000
0.00000000
0.00000000
0.00000000
0.00000000
0.00000000
0.00000000
0.00000000
0.00000000
0.00000000
0.00000000
0.00000000
0.00000000
0.00000000
0.00000000
0.00000000
0.00000000
0.00000000
0.00000000
0.00000000
0.00000000
0.00000000
0.00000000
0.00000000
0.45019531
0.00000000
0.24914551
0.00000000
0.08978271
0.00000000
0.08300781
0.00000000
0.00000000
0.00000000
0.00000000
0.00000000
0.00000000
0.00000000
0.00000000
0.00000000
0.00000000
0.00000000
0.00000000
0.00000000
0.00000000
0.00000000
0.00000000
0.00000000
0.00000000
0.00000000
0.00000000
0.00000000
0.00000000
0.00000000
0.00000000
0.00000000
0.30078125
0.00000000
0.53613281
0.00000000
0.31689453
0.00000000
0.28906250
0.00000000
0.00000000
0.00000000
0.00000000
0.00000000
0.00000000
0.00000000
0.00000000
0.00000000
0.00000000
0.00000000
0.00000000
0.00000000
0.00000000
0.00000000
0.00000000
0.00000000
0.00000000
0.00000000
0.00000000
0.00000000
0.00000000
0.00000000
0.00000000
0.00000000
0.07965088
0.00000000
0.09692383
0.00000000
0.51123047
0.00000000
0.38989258
0.00000000
0.00000000
0.00000000
0.00000000
0.00000000
0.00000000
0.00000000
0.00000000
0.00000000
0.00000000
0.00000000
0.00000000
0.00000000
0.00000000
0.00000000
0.00000000
0.00000000
0.00000000
0.00000000
0.00000000
0.00000000
0.00000000
0.00000000
0.00000000
0.00000000
0.25073242
0.00000000
0.07965088
0.00000000
0.07965088
0.00000000
0.32812500
0.00000000
0.00000000
0.00000000
0.00000000
0.00000000
0.00000000
0.00000000
0.00000000
0.00000000
0.00000000
0.00000000
0.00000000
0.00000000
0.00000000
0.00000000
0.00000000
0.00000000
0.00000000
0.00000000
0.00000000
0.00000000
0.00000000
0.00000000
0.00000000
0.00000000
0.50585938
0.00000000
0.27709961
0.00000000
0.32128906
0.00000000
0.11065674
0.00000000
0.00000000
0.00000000
0.00000000
0.00000000
0.00000000
0.00000000
0.00000000
0.00000000
0.00000000
0.00000000
0.00000000
0.00000000
0.00000000
0.00000000
0.00000000
0.00000000
0.00000000
0.00000000
0.00000000
0.00000000
0.00000000
0.00000000
0.00000000
0.00000000
0.19604492
0.00000000
0.52294922
0.00000000
0.28149414
0.00000000
0.24511719
0.00000000
0.00000000
0.00000000
0.00000000
0.00000000
0.00000000
0.00000000
0.00000000
0.00000000
0.00000000
0.00000000
0.00000000
0.00000000
0.00000000
0.00000000
0.00000000
0.00000000
0.00000000
0.00000000
0.00000000
0.00000000
0.00000000
0.00000000
0.00000000
0.00000000
0.07965088
0.00000000
0.08099365
0.00000000
0.38818359
0.00000000
0.46557617
0.00000000
0.00000000
0.00000000
0.00000000
0.00000000
0.00000000
0.00000000
0.00000000
0.00000000
0.00000000
0.00000000
0.00000000
0.00000000
0.00000000
0.00000000
0.00000000
0.00000000
0.00000000
0.00000000
0.00000000
0.00000000
0.00000000
0.00000000
0.00000000
0.00000000
0.23937988
0.00000000
0.32714844
0.00000000
0.07965088
0.00000000
0.33422852
0.00000000
0.00000000
0.00000000
0.00000000
0.00000000
0.00000000
0.00000000
0.00000000
0.00000000
0.00000000
0.00000000
0.00000000
0.00000000
0.00000000
0.00000000
0.00000000
0.00000000
0.00000000
0.00000000
0.00000000
0.00000000
0.00000000
0.00000000
0.00000000
0.00000000
0.56152344
0.00000000
0.21276855
0.00000000
0.29223633
0.00000000
0.07965088
0.00000000
0.00000000
0.00000000
0.00000000
0.00000000
0.00000000
0.00000000
0.00000000
0.00000000
0.00000000
0.00000000
0.00000000
0.00000000
0.00000000
0.00000000
0.00000000
0.00000000
0.00000000
0.00000000
0.00000000
0.00000000
0.00000000
0.00000000
0.00000000
0.00000000
0.07965088
0.00000000
0.34936523
0.00000000
0.44018555
0.00000000
0.22729492
0.00000000
0.00000000
0.00000000
0.00000000
0.00000000
0.00000000
0.00000000
0.00000000
0.00000000
0.00000000
0.00000000
0.00000000
0.00000000
0.00000000
0.00000000
0.00000000
0.00000000
0.00000000
0.00000000
0.00000000
0.00000000
0.00000000
0.00000000
0.00000000
0.00000000
0.32910156
0.00000000
0.07965088
0.00000000
0.32006836
0.00000000
0.56787109
0.00000000
0.00000000
0.00000000
0.00000000
0.00000000
0.00000000
0.00000000
0.00000000
0.00000000
0.00000000
0.00000000
0.00000000
0.00000000
0.00000000
0.00000000
0.00000000
0.00000000
0.00000000
0.00000000
0.00000000
0.00000000
0.00000000
0.00000000
0.00000000
0.00000000
0.15295410
0.00000000
0.31005859
0.00000000
0.08099365
0.00000000
0.08978271
0.00000000
0.00000000
0.00000000
0.00000000
0.00000000
0.00000000
0.00000000
0.00000000
0.00000000
0.00000000
0.00000000
0.00000000
0.00000000
0.00000000
0.00000000
0.00000000
0.00000000
0.00000000
0.00000000
0.00000000
0.00000000
0.00000000
0.00000000
0.00000000
0.00000000
0.37084961
0.00000000
0.33593750
0.00000000
0.20446777
0.00000000
0.38305664
0.00000000
0.00000000
0.00000000
0.00000000
0.00000000
0.00000000
0.00000000
0.00000000
0.00000000
0.00000000
0.00000000
0.00000000
0.00000000
0.00000000
0.00000000
0.00000000
0.00000000
0.00000000
0.00000000
0.00000000
0.00000000
0.00000000
0.00000000
0.00000000
0.00000000
0.07965088
0.00000000
0.17443848
0.00000000
0.55419922
0.00000000
0.16369629
0.00000000
0.00000000
0.00000000
0.00000000
0.00000000
0.00000000
0.00000000
0.00000000
0.00000000
0.00000000
0.00000000
0.00000000
0.00000000
0.00000000
0.00000000
0.00000000
0.00000000
0.00000000
0.00000000
0.00000000
0.00000000
0.00000000
0.00000000
0.00000000
0.00000000
0.31274414
0.00000000
0.00000000
0.00000000
0.10723877
0.00000000
0.34301758
0.00000000
0.00000000
0.00000000
0.00000000
0.00000000
0.00000000
0.00000000
0.00000000
0.00000000
0.00000000
0.00000000
0.00000000
0.00000000
0.00000000
0.00000000
0.00000000
0.00000000
0.00000000
0.00000000
0.00000000
0.00000000
0.00000000
0.00000000
0.00000000
0.00000000
0.31176758
0.00000000
0.19921875
0.00000000
0.39331055
0.00000000
0.07965088
0.00000000
0.00000000
0.00000000
0.00000000
0.00000000
0.00000000
0.00000000
0.00000000
0.00000000
0.00000000
0.00000000
0.00000000
0.00000000
0.00000000
0.00000000
0.00000000
0.00000000
0.00000000
0.00000000
0.00000000
0.00000000
0.00000000
0.00000000
0.00000000
0.00000000
0.23095703
0.00000000
0.50683594
0.00000000
0.16271973
0.00000000
0.35180664
0.00000000
0.00000000
0.00000000
0.00000000
0.00000000
0.00000000
0.00000000
0.00000000
0.00000000
0.00000000
0.00000000
0.00000000
0.00000000
0.00000000
0.00000000
0.00000000
0.00000000
0.00000000
0.00000000
0.00000000
0.00000000
0.00000000
0.00000000
0.00000000
0.00000000
0.38574219
0.00000000
0.11260986
0.00000000
0.42871094
0.00000000
0.32812500
0.00000000
0.00000000
0.00000000
0.00000000
0.00000000
0.00000000
0.00000000
0.00000000
0.00000000
0.00000000
0.00000000
0.00000000
0.00000000
0.00000000
0.00000000
0.00000000
0.00000000
0.00000000
0.00000000
0.00000000
0.00000000
0.00000000
0.00000000
0.00000000
0.00000000
0.21032715
0.00000000
0.44018555
0.00000000
0.11163330
0.00000000
0.13354492
0.00000000
0.00000000
0.00000000
0.00000000
0.00000000
0.00000000
0.00000000
0.00000000
0.00000000
0.00000000
0.00000000
0.00000000
0.00000000
0.00000000
0.00000000
0.00000000
0.00000000
0.00000000
0.00000000
0.00000000
0.00000000
0.00000000
0.00000000
0.00000000
0.00000000
0.47363281
0.00000000
0.21105957
0.00000000
0.39013672
0.00000000
0.41821289
0.00000000
0.00000000
0.00000000
0.00000000
0.00000000
0.00000000
0.00000000
0.00000000
0.00000000
0.00000000
0.00000000
0.00000000
0.00000000
0.00000000
0.00000000
0.00000000
0.00000000
0.00000000
0.00000000
0.00000000
0.00000000
0.00000000
0.00000000
0.00000000
0.00000000
0.09808350
0.00000000
0.42749023
0.00000000
0.34497070
0.00000000
0.24316406
0.00000000
0.00000000
0.00000000
0.00000000
0.00000000
0.00000000
0.00000000
0.00000000
0.00000000
0.00000000
0.00000000
0.00000000
0.00000000
0.00000000
0.00000000
0.00000000
0.00000000
0.00000000
0.00000000
0.00000000
0.00000000
0.00000000
0.00000000
0.00000000
0.00000000
0.46679688
0.00000000
0.14758301
0.00000000
0.10681152
0.00000000
0.48022461
0.00000000
0.00000000
0.00000000
0.00000000
0.00000000
0.00000000
0.00000000
0.00000000
0.00000000
0.00000000
0.00000000
0.00000000
0.00000000
0.00000000
0.00000000
0.00000000
0.00000000
0.00000000
0.00000000
0.00000000
0.00000000
0.00000000
0.00000000
0.00000000
0.00000000
0.15600586
0.00000000
0.38232422
0.00000000
0.44824219
0.00000000
0.10565186
0.00000000
0.00000000
0.00000000
0.00000000
0.00000000
0.00000000
0.00000000
0.00000000
0.00000000
0.00000000
0.00000000
0.00000000
0.00000000
0.00000000
0.00000000
0.00000000
0.00000000
0.00000000
0.00000000
0.00000000
0.00000000
0.00000000
0.00000000
0.00000000
0.00000000
0.43750000
0.00000000
0.30664062
0.00000000
0.28735352
0.00000000
0.52441406
0.00000000
0.00000000
0.00000000
0.00000000
0.00000000
0.00000000
0.00000000
0.00000000
0.00000000
0.00000000
0.00000000
0.00000000
0.00000000
0.00000000
0.00000000
0.00000000
0.00000000
0.00000000
0.00000000
0.00000000
0.00000000
0.00000000
0.00000000
0.00000000
0.00000000
0.15539551
0.00000000
0.27880859
0.00000000
0.51416016
0.00000000
0.23413086
0.00000000
0.00000000
0.00000000
0.00000000
0.00000000
0.00000000
0.00000000
0.00000000
0.00000000
0.00000000
0.00000000
0.00000000
0.00000000
0.00000000
0.00000000
0.00000000
0.00000000
0.00000000
0.00000000
0.00000000
0.00000000
0.00000000
0.00000000
0.00000000
0.00000000
