0.15759277
0.12634277
0.21020508
0.17248535
0.09613037
0.07623291
0.08538818
0.10723877
0.09509277
0.07861328
0.18579102
0.15869141
0.07525635
0.07525635
0.12951660
0.11834717
0.07861328
0.07525635
0.17578125
0.17419434
0.07086182
0.09851074
0.14123535
0.14758301
0.07525635
0.08435059
0.15966797
0.18371582
0.11199951
0.11199951
0.18115234
0.16125488
0.07965088
0.07965088
0.07965088
0.07965088
0.28417969
0.27880859
0.08099365
0.08203125
0.07824707
0.10925293
0.07965088
0.07965088
0.27148438
0.27270508
0.08099365
0.07965088
0.15637207
0.20776367
0.07965088
0.07965088
0.27490234
0.28637695
0.07965088
0.07965088
0.19714355
0.16564941
0.07965088
0.07965088
0.29345703
0.29956055
0.07965088
0.07965088
0.08398438
0.08538818
0.10424805
0.07965088
0.12951660
0.13488770
0.07861328
0.07965088
0.08538818
0.07965088
0.07965088
0.07965088
0.14318848
0.11499023
0.07623291
0.07965088
0.07965088
0.07965088
0.07965088
0.07965088
0.09216309
0.08062744
0.11853027
0.17089844
0.07861328
0.08258057
0.07965088
0.07965088
0.07965088
0.08538818
0.22351074
0.22338867
0.20446777
0.23608398
0.08300781
0.07861328
0.09075928
0.07965088
0.11639404
0.10626221
0.18908691
0.16113281
0.08062744
0.08538818
0.08398438
0.13342285
0.07965088
0.07965088
0.14416504
0.14562988
0.07965088
0.13684082
0.14416504
0.11541748
0.08978271
0.12274170
0.13684082
0.14025879
0.21569824
0.20605469
0.11639404
0.16467285
0.14562988
0.17443848
0.07965088
0.07965088
0.18933105
0.28881836
0.11065674
0.08538818
0.08398438
0.08636475
0.07965088
0.07965088
0.30126953
0.28515625
0.08734131
0.11932373
0.08258057
0.07965088
0.07965088
0.07861328
0.28271484
0.28173828
0.09552002
0.08398438
0.07965088
0.07965088
0.09411621
0.10388184
0.28051758
0.29736328
0.07965088
0.08538818
0.08538818
0.08062744
0.07861328
0.10522461
0.19531250
0.20129395
0.10821533
0.13879395
0.00000000
0.07525635
0.11938477
0.07965088
0.18957520
0.16662598
0.15441895
0.14660645
0.08874512
0.15002441
0.07965088
0.07965088
0.13049316
0.13244629
0.15246582
0.13977051
0.14953613
0.13049316
0.07965088
0.07965088
0.12805176
0.12951660
0.13537598
0.14855957
0.13488770
0.13549805
0.08203125
0.08837891
0.08062744
0.07824707
0.07861328
0.08978271
0.08978271
0.07965088
0.12231445
0.09277344
0.09753418
0.12371826
0.10565186
0.07965088
0.07965088
0.07965088
0.07525635
0.07525635
0.09991455
0.12176514
0.08099365
0.10821533
0.07965088
0.07965088
0.11938477
0.14562988
0.12231445
0.10620117
0.18688965
0.22131348
0.07965088
0.07965088
0.18237305
0.08099365
0.13012695
0.15197754
0.15966797
0.11260986
0.08062744
0.07965088
0.17272949
0.29321289
0.15832520
0.09277344
0.08300781
0.08636475
0.07861328
0.08679199
0.28198242
0.28051758
0.13549805
0.12274170
0.08062744
0.07965088
0.10229492
0.10388184
0.28564453
0.27612305
0.09948730
0.09509277
0.07965088
0.07965088
0.09509277
0.07965088
0.20837402
0.20605469
0.11834717
0.13342285
0.00000000
0.00000000
0.07965088
0.07861328
0.20739746
0.16174316
0.13439941
0.11596680
0.07965088
0.07965088
0.07861328
0.07965088
0.14221191
0.19396973
0.11834717
0.12274170
0.07861328
0.08062744
0.08502197
0.11260986
0.20556641
0.18457031
0.09948730
0.09948730
0.12377930
0.09753418
0.12469482
0.11737061
0.07824707
0.07965088
0.07965088
0.07965088
0.12951660
0.11737061
0.17687988
0.15686035
0.07965088
0.07824707
0.08062744
0.08099365
0.12310791
0.11260986
0.14270020
0.08679199
0.09411621
0.12414551
0.08538818
0.09313965
0.07965088
0.07965088
0.19128418
0.28271484
0.13146973
0.12707520
0.17480469
0.23449707
0.07965088
0.07965088
0.27539062
0.27905273
0.09313965
0.10766602
0.09655762
0.07525635
0.09552002
0.07861328
0.16174316
0.15832520
0.12072754
0.14453125
0.07861328
0.08398438
0.07965088
0.07965088
0.17248535
0.17248535
0.15124512
0.11065674
0.08538818
0.07965088
0.08062744
0.08502197
0.11975098
0.19567871
0.08874512
0.08398438
0.07965088
0.07965088
0.08679199
0.10821533
0.23742676
0.21508789
0.09948730
0.09948730
0.27856445
0.00000000
0.07965088
0.07965088
0.11358643
0.13891602
0.08099365
0.08062744
0.00000000
0.07965088
0.07861328
0.07965088
0.07965088
0.07965088
0.08398438
0.08538818
0.07965088
0.07965088
0.09552002
0.12670898
0.07965088
0.07861328
0.09808350
0.10723877
0.07965088
0.07965088
0.15295410
0.17773438
0.08978271
0.14221191
0.14025879
0.10821533
0.16650391
0.15930176
0.11499023
0.09613037
0.07965088
0.07965088
0.09277344
0.09173584
0.11157227
0.09173584
0.12805176
0.09368896
0.08538818
0.09411621
0.10284424
0.13452148
0.11639404
0.11633301
0.11395264
0.16320801
0.09991455
0.12176514
0.17041016
0.14221191
0.11932373
0.09753418
0.26562500
0.29882812
0.11157227
0.08062744
0.07965088
0.07965088
0.11975098
0.08776855
0.18652344
0.20837402
0.11499023
0.09313965
0.07965088
0.08978271
0.07965088
0.07965088
0.20031738
0.15295410
0.07965088
0.07965088
0.08398438
0.07965088
0.07965088
0.07965088
0.13305664
0.20532227
0.08538818
0.08398438
0.07965088
0.07965088
0.07965088
0.08062744
0.24951172
0.22961426
0.08300781
0.07861328
0.27612305
0.27514648
0.07965088
0.08099365
0.10626221
0.14721680
0.15734863
0.15979004
0.00000000
0.00000000
0.07965088
0.08398438
0.10968018
0.11340332
0.16369629
0.16906738
0.07965088
0.07965088
0.07965088
0.07965088
0.10046387
0.07861328
0.18359375
0.19091797
0.07965088
0.07965088
0.08300781
0.08300781
0.07965088
0.07965088
0.18457031
0.18957520
0.23400879
0.20544434
0.09509277
0.09844971
0.07965088
0.07965088
0.07965088
0.07965088
0.18017578
0.17199707
0.08062744
0.09033203
0.07965088
0.07965088
0.07965088
0.07965088
0.13684082
0.11932373
0.10583496
0.09173584
0.07965088
0.07525635
0.07965088
0.07965088
0.10089111
0.10522461
0.15148926
0.23950195
0.11224365
0.16345215
0.07965088
0.07965088
0.10766602
0.11975098
0.23474121
0.18261719
0.13342285
0.09613037
0.28320312
0.28833008
0.09991455
0.08099365
0.13891602
0.13342285
0.11059570
0.09368896
0.28735352
0.00000000
0.07965088
0.07965088
0.18835449
0.24084473
0.07861328
0.07965088
0.00000000
0.07965088
0.07965088
0.07965088
0.26074219
0.25732422
0.07965088
0.07861328
0.07965088
0.07965088
0.07965088
0.07965088
0.11975098
0.09887695
0.11340332
0.10864258
0.26660156
0.25878906
0.07965088
0.07965088
0.08538818
0.08978271
0.12469482
0.14221191
0.23120117
0.21166992
0.07965088
0.07965088
0.12951660
0.15002441
0.16674805
0.16711426
0.20556641
0.16577148
0.07965088
0.07965088
0.14599609
0.07965088
0.15832520
0.15734863
0.11499023
0.09277344
0.25903320
0.24975586
0.07965088
0.07965088
0.07965088
0.07965088
0.10089111
0.11541748
0.20922852
0.14709473
0.07965088
0.07965088
0.07965088
0.07965088
0.11877441
0.09411621
0.10388184
0.11059570
0.07965088
0.07965088
0.07965088
0.07965088
0.07965088
0.07965088
0.13342285
0.16223145
0.07965088
0.07965088
0.07965088
0.07965088
0.07965088
0.07965088
0.11975098
0.16162109
0.14868164
0.15112305
0.27416992
0.28076172
0.10290527
0.08203125
0.20739746
0.26831055
0.16967773
0.14709473
0.28808594
0.28955078
0.07965088
0.07965088
0.28369141
0.29296875
0.11016846
0.07965088
0.00000000
0.00000000
0.07965088
0.07965088
0.30004883
0.31176758
0.07965088
0.07965088
0.07965088
0.07965088
0.07965088
0.07965088
0.12371826
0.09649658
0.10522461
0.10327148
0.23303223
0.27172852
0.22961426
0.26635742
0.08398438
0.09552002
0.10131836
0.10089111
0.27416992
0.29199219
0.19702148
0.14953613
0.10565186
0.09515381
0.11602783
0.10388184
0.23498535
0.16613770
0.12902832
0.10424805
0.12414551
0.13586426
0.11022949
0.11022949
0.11737061
0.13342285
0.12469482
0.20336914
0.07965088
0.07965088
0.07965088
0.07965088
0.10046387
0.15832520
0.15429688
0.16503906
0.07965088
0.07965088
0.07965088
0.07965088
0.15197754
0.16174316
0.19091797
0.21289062
0.07965088
0.07965088
0.07965088
0.07965088
0.14562988
0.14025879
0.23510742
0.27148438
0.07965088
0.07965088
0.07965088
0.07965088
0.10186768
0.08978271
0.29223633
0.28198242
0.20922852
0.25170898
0.27197266
0.27514648
0.08599854
0.11499023
0.08398438
0.11004639
0.27148438
0.25732422
0.27612305
0.28076172
0.11157227
0.07965088
0.07965088
0.09887695
0.25341797
0.20727539
0.27612305
0.00000000
0.07965088
0.07965088
0.09552002
0.07965088
0.15637207
0.08300781
0.00000000
0.07965088
0.07965088
0.07965088
0.08538818
0.09411621
0.15441895
0.16918945
0.18115234
0.20202637
0.12609863
0.14953613
0.07965088
0.07965088
0.17883301
0.17150879
0.18493652
0.12670898
0.14453125
0.14416504
0.07965088
0.07965088
0.16076660
0.15100098
0.09948730
0.15454102
0.12133789
0.12274170
0.07965088
0.07965088
0.15332031
0.16076660
0.22839355
0.25463867
0.13977051
0.20727539
0.07965088
0.07965088
0.07965088
0.08062744
0.08062744
0.14025879
0.21191406
0.23364258
0.20483398
0.18554688
0.07965088
0.07965088
0.14660645
0.15295410
0.20837402
0.21032715
0.19787598
0.22167969
0.07965088
0.07965088
0.17004395
0.16613770
0.19702148
0.17041016
0.24963379
0.25024414
0.07965088
0.07965088
0.16809082
0.14562988
0.14221191
0.11401367
0.22387695
0.18176270
0.29443359
0.29248047
0.07965088
0.07965088
0.07965088
0.09216309
0.15197754
0.13745117
0.28857422
0.27758789
0.07965088
0.07861328
0.07965088
0.07965088
0.12512207
0.14855957
0.27856445
0.28051758
0.08062744
0.07965088
0.10229492
0.12371826
0.17346191
0.21044922
0.00000000
0.00000000
0.07965088
0.07965088
0.10247803
0.11877441
0.25073242
0.24829102
0.20581055
0.24169922
0.12072754
0.10424805
0.07965088
0.07965088
0.07623291
0.07965088
0.26513672
0.27856445
0.11737061
0.14416504
0.07965088
0.07965088
0.09277344
0.08398438
0.28662109
0.30444336
0.12902832
0.15112305
0.07965088
0.07965088
0.08300781
0.07965088
0.30346680
0.27954102
0.21459961
0.25952148
0.07965088
0.07965088
0.07965088
0.07965088
0.08538818
0.10565186
0.20300293
0.21276855
0.21655273
0.23669434
0.29589844
0.31127930
0.11340332
0.15063477
0.23706055
0.25268555
0.22741699
0.22302246
0.30981445
0.28173828
0.21447754
0.22705078
0.26513672
0.27880859
0.22253418
0.19396973
0.27856445
0.27954102
0.21484375
0.19494629
0.30786133
0.26904297
0.16662598
0.13781738
0.26757812
0.00000000
0.07965088
0.07965088
0.07965088
0.08099365
0.16076660
0.16174316
0.30859375
0.29345703
0.07965088
0.07965088
0.10046387
0.10424805
0.18957520
0.18798828
0.31738281
0.32910156
0.07965088
0.07965088
0.08160400
0.11358643
0.19299316
0.19738770
0.33447266
0.32348633
0.07965088
0.07965088
0.11199951
0.10186768
0.17346191
0.15832520
0.32250977
0.29760742
0.13244629
0.14953613
0.07965088
0.07965088
0.08837891
0.09313965
0.13891602
0.19323730
0.15148926
0.15393066
0.07965088
0.07965088
0.11065674
0.09851074
0.18554688
0.14318848
0.17395020
0.19055176
0.07965088
0.07965088
0.07623291
0.07965088
0.15832520
0.23950195
0.22607422
0.29687500
0.07965088
0.07965088
0.07965088
0.07965088
0.25463867
0.27685547
0.15405273
0.14660645
0.16760254
0.23559570
0.33056641
0.32836914
0.07965088
0.07965088
0.15063477
0.16174316
0.21838379
0.12768555
0.31860352
0.29248047
0.07965088
0.07965088
0.16271973
0.17285156
0.09075928
0.07666016
0.29345703
0.28613281
0.07965088
0.07965088
0.19299316
0.20886230
0.07623291
0.07965088
0.27075195
0.26464844
0.07965088
0.07965088
0.07965088
0.07965088
0.20507812
0.18518066
0.30883789
0.31518555
0.16455078
0.19909668
0.07965088
0.07861328
0.18212891
0.14660645
0.31713867
0.31469727
0.25073242
0.31152344
0.08874512
0.09411621
0.15295410
0.16174316
0.32885742
0.34008789
0.29199219
0.29687500
0.09753418
0.08062744
0.16613770
0.18225098
0.34033203
0.33471680
0.31445312
0.27905273
0.13745117
0.25366211
0.15429688
0.09472656
0.12371826
0.11999512
0.08398438
0.07623291
0.30249023
0.28564453
0.07623291
0.07965088
0.12512207
0.12274170
0.09368896
0.11499023
0.28393555
0.29785156
0.07965088
0.07965088
0.13342285
0.10626221
0.08538818
0.07965088
0.30175781
0.28881836
0.07965088
0.07965088
0.07965088
0.07861328
0.07965088
0.07965088
0.17724609
0.16308594
0.07965088
0.07965088
0.28955078
0.29931641
0.10388184
0.14282227
0.15100098
0.14123535
0.08300781
0.08300781
0.00000000
0.00000000
0.10186768
0.07525635
0.11596680
0.12371826
0.08300781
0.07965088
0.25585938
0.21081543
0.08203125
0.08099365
0.12371826
0.09991455
0.07623291
0.07861328
0.18261719
0.16027832
0.07965088
0.08062744
0.10388184
0.12176514
0.07965088
0.07965088
0.07861328
0.07965088
0.17065430
0.10382080
0.10565186
0.08978271
0.07965088
0.08062744
0.07965088
0.07965088
0.07464600
0.15063477
0.08538818
0.08099365
0.12274170
0.12817383
0.07965088
0.07965088
0.27319336
0.28906250
0.07666016
0.11938477
0.08978271
0.07824707
0.07965088
0.07965088
0.27880859
0.27856445
0.14257812
0.17138672
0.16613770
0.10186768
0.16613770
0.12133789
0.19189453
0.15734863
0.16418457
0.11065674
0.08300781
0.07965088
0.07965088
0.07965088
0.15441895
0.14855957
0.08300781
0.08538818
0.07861328
0.07861328
0.07965088
0.11297607
0.15197754
0.17333984
0.10626221
0.11541748
0.07965088
0.07965088
0.09753418
0.07824707
0.15637207
0.15197754
0.09173584
0.07965088
0.30126953
0.29443359
0.08062744
0.07965088
0.07965088
0.07965088
0.07623291
0.07861328
0.29956055
0.00000000
0.07965088
0.07861328
0.07965088
0.09552002
0.07623291
0.08300781
0.00000000
0.08837891
0.07965088
0.11798096
0.08636475
0.08062744
0.08099365
0.09509277
0.18017578
0.22094727
0.10144043
0.07623291
0.08776855
0.12036133
0.07965088
0.07965088
0.12310791
0.12707520
0.15820312
0.18725586
0.12414551
0.11676025
0.07965088
0.07965088
0.09552002
0.07623291
0.22790527
0.18676758
0.12072754
0.14318848
0.08062744
0.08398438
0.07861328
0.07965088
0.09075928
0.10046387
0.15100098
0.14660645
0.09173584
0.07861328
0.07965088
0.07965088
0.24584961
0.30590820
0.13549805
0.10186768
0.13928223
0.11700439
0.12646484
0.14501953
0.19250488
0.17749023
0.07623291
0.09509277
0.10186768
0.08099365
0.12017822
0.08978271
0.20935059
0.21374512
0.15979004
0.15344238
0.08837891
0.10626221
0.07965088
0.07965088
0.20202637
0.19934082
0.14074707
0.15783691
0.12274170
0.10046387
0.08062744
0.10766602
0.20458984
0.20581055
0.15148926
0.13012695
0.28247070
0.29443359
0.08398438
0.07965088
0.07965088
0.07965088
0.07623291
0.07861328
0.29541016
0.30029297
0.07965088
0.07965088
0.07965088
0.07965088
0.07965088
0.07965088
0.00000000
0.00000000
0.08636475
0.09552002
0.07965088
0.07965088
0.07965088
0.07965088
0.07965088
0.07861328
0.09411621
0.09649658
0.07965088
0.08636475
0.08538818
0.10864258
0.17004395
0.15832520
0.10620117
0.13244629
0.08636475
0.08538818
0.14123535
0.19665527
0.14855957
0.14855957
0.16223145
0.16857910
0.10485840
0.13146973
0.22827148
0.22045898
0.14318848
0.12176514
0.17187500
0.20324707
0.13244629
0.11877441
0.18591309
0.10784912
0.10626221
0.07965088
0.12145996
0.10284424
0.12512207
0.15002441
0.07525635
0.07861328
0.09552002
0.08978271
0.22155762
0.26904297
0.08062744
0.08099365
0.28442383
0.28662109
0.12176514
0.10522461
0.26708984
0.22900391
0.08300781
0.08636475
0.29296875
0.28369141
0.08502197
0.07965088
0.20886230
0.18554688
0.08099365
0.08099365
0.28735352
0.00000000
0.07965088
0.07965088
0.17443848
0.17150879
0.08300781
0.08398438
0.00000000
0.07965088
0.08062744
0.07965088
0.07965088
0.07965088
0.13586426
0.13146973
0.20605469
0.21813965
0.07965088
0.07965088
0.07965088
0.07965088
0.12707520
0.10046387
0.20593262
0.17980957
0.07965088
0.07965088
0.08099365
0.10046387
0.07965088
0.07623291
0.16333008
0.13049316
0.07965088
0.07965088
0.08062744
0.07965088
0.07861328
0.07861328
0.10723877
0.12512207
0.08734131
0.07666016
0.08636475
0.08062744
0.17346191
0.14855957
0.13146973
0.09552002
0.08734131
0.09808350
0.07965088
0.07965088
0.11596680
0.11700439
0.07965088
0.11499023
0.13940430
0.14941406
0.07965088
0.07861328
0.08099365
0.08538818
0.12115479
0.09655762
0.14074707
0.11889648
0.08538818
0.12371826
0.07965088
0.10046387
0.07861328
0.07965088
0.15600586
0.18701172
0.12176514
0.10961914
0.28662109
0.28076172
0.07965088
0.07965088
0.19873047
0.18090820
0.12609863
0.11975098
0.27636719
0.28295898
0.07965088
0.07965088
0.15979004
0.16809082
0.10089111
0.07965088
0.28491211
0.27221680
0.07965088
0.09692383
0.19824219
0.23071289
0.09075928
0.08837891
0.00000000
0.00000000
0.08398438
0.09613037
0.07965088
0.07965088
0.11065674
0.13684082
0.23876953
0.22387695
0.08300781
0.08398438
0.07965088
0.07965088
0.14904785
0.15295410
0.24707031
0.25000000
0.09033203
0.08099365
0.08636475
0.19226074
0.14318848
0.16040039
0.22229004
0.20117188
0.10388184
0.10479736
0.13842773
0.07623291
0.18615723
0.17980957
0.16418457
0.13977051
0.08258057
0.10479736
0.07965088
0.07965088
0.07623291
0.07965088
0.07965088
0.10864258
0.20397949
0.18420410
0.07965088
0.07965088
0.07965088
0.07965088
0.11157227
0.07525635
0.18078613
0.18420410
0.07965088
0.07965088
0.07965088
0.07965088
0.08978271
0.10766602
0.23266602
0.25488281
0.07965088
0.07861328
0.07965088
0.07965088
0.07965088
0.07965088
0.19873047
0.14562988
0.12707520
0.12469482
0.29150391
0.29248047
0.14160156
0.09613037
0.07965088
0.07965088
0.11798096
0.12274170
0.28417969
0.28417969
0.07623291
0.07965088
0.07861328
0.09552002
0.11254883
0.10290527
0.27514648
0.27319336
0.07965088
0.07965088
0.09948730
0.13146973
0.08837891
0.08300781
0.28173828
0.00000000
0.07965088
0.07965088
0.09411621
0.09753418
0.08062744
0.08538818
0.25854492
0.26196289
0.09173584
0.15405273
0.07965088
0.07965088
0.08538818
0.11297607
0.27221680
0.24511719
0.21875000
0.21716309
0.07965088
0.07965088
0.11895752
0.14123535
0.25244141
0.24450684
0.19604492
0.16516113
0.07965088
0.07965088
0.15502930
0.16406250
0.22668457
0.18969727
0.14270020
0.10919189
0.07965088
0.07965088
0.07965088
0.07965088
0.07965088
0.07965088
0.16271973
0.18420410
0.11157227
0.07965088
0.07965088
0.07965088
0.07965088
0.07965088
0.16711426
0.19592285
0.10284424
0.09075928
0.07965088
0.07965088
0.08398438
0.11102295
0.20446777
0.15539551
0.10284424
0.13049316
0.07965088
0.07965088
0.13391113
0.13720703
0.15161133
0.16845703
0.12329102
0.09368896
0.24291992
0.28979492
0.11798096
0.14953613
0.07965088
0.07965088
0.07965088
0.07965088
0.29077148
0.28735352
0.13586426
0.10522461
0.07965088
0.08398438
0.07965088
0.08062744
0.27563477
0.28369141
0.07525635
0.07965088
0.12176514
0.11199951
0.09313965
0.10229492
0.29443359
0.28955078
0.07965088
0.07965088
0.08538818
0.08978271
0.12915039
0.15539551
0.25048828
0.26928711
0.07965088
0.07861328
0.07965088
0.07965088
0.07965088
0.07965088
0.26708984
0.22668457
0.08734131
0.15649414
0.07965088
0.07965088
0.07965088
0.07965088
0.21411133
0.27172852
0.25927734
0.25292969
0.07965088
0.07965088
0.07965088
0.07965088
0.26586914
0.23937988
0.23962402
0.19396973
0.07965088
0.07965088
0.07965088
0.07965088
0.12371826
0.08099365
0.10192871
0.10662842
0.13244629
0.15441895
0.25854492
0.27954102
0.07965088
0.07965088
0.10089111
0.09552002
0.16857910
0.19653320
0.29541016
0.28613281
0.07965088
0.11743164
0.10925293
0.16711426
0.20642090
0.21911621
0.27954102
0.28149414
0.12512207
0.12805176
0.24279785
0.26708984
0.23327637
0.23083496
0.27709961
0.28173828
0.07965088
0.07965088
0.08062744
0.07965088
0.08062744
0.07861328
0.28247070
0.28295898
0.10046387
0.12231445
0.07965088
0.07861328
0.10662842
0.12219238
0.24621582
0.22326660
0.12573242
0.12951660
0.08978271
0.10864258
0.12854004
0.12805176
0.22668457
0.25292969
0.10089111
0.07965088
0.09112549
0.08062744
0.12854004
0.10290527
0.28393555
0.28784180
0.07623291
0.07965088
0.07965088
0.07965088
0.07965088
0.07965088
0.14270020
0.13146973
0.07965088
0.07623291
0.07965088
0.07965088
0.07965088
0.07965088
0.08062744
0.07965088
0.08398438
0.17578125
0.07965088
0.07965088
0.07965088
0.07965088
0.07861328
0.14416504
0.18945312
0.15930176
0.07965088
0.07965088
0.07965088
0.07965088
0.16809082
0.15637207
0.13549805
0.11004639
0.21765137
0.19299316
0.26684570
0.26562500
0.07965088
0.07965088
0.07666016
0.11358643
0.18762207
0.18664551
0.28710938
0.28613281
0.07965088
0.07965088
0.23010254
0.23400879
0.17687988
0.20190430
0.28662109
0.28051758
0.07965088
0.07965088
0.16809082
0.15100098
0.23400879
0.25463867
0.27709961
0.27758789
0.08099365
0.08978271
0.09552002
0.08636475
0.12951660
0.10522461
0.11401367
0.11834717
0.19201660
0.18908691
0.07965088
0.07965088
0.11303711
0.12609863
0.13342285
0.16613770
0.11895752
0.11889648
0.07965088
0.08300781
0.10961914
0.12707520
0.13891602
0.11163330
0.14123535
0.12768555
0.09075928
0.07965088
0.15441895
0.20507812
0.10626221
0.10150146
0.12274170
0.11737061
0.07965088
0.07965088
0.07965088
0.07965088
0.11639404
0.09075928
0.20104980
0.16809082
0.07965088
0.07965088
0.07965088
0.07965088
0.07861328
0.07965088
0.08978271
0.10925293
0.07965088
0.07965088
0.07965088
0.08062744
0.08062744
0.08062744
0.17248535
0.22155762
0.07965088
0.07965088
0.08538818
0.07965088
0.09991455
0.14025879
0.22973633
0.25732422
0.25292969
0.21044922
0.25415039
0.30053711
0.07965088
0.07965088
0.07965088
0.07965088
0.17333984
0.16467285
0.30737305
0.29663086
0.07965088
0.07965088
0.07965088
0.07965088
0.22827148
0.20678711
0.29589844
0.29443359
0.07965088
0.07965088
0.07965088
0.08538818
0.18420410
0.19543457
0.29760742
0.28369141
0.07965088
0.07965088
0.09075928
0.10766602
0.18420410
0.11401367
0.25903320
0.24145508
0.12670898
0.10388184
0.00000000
0.11260986
0.11401367
0.13781738
0.24523926
0.24475098
0.11157227
0.13012695
0.07623291
0.07965088
0.15832520
0.16918945
0.29028320
0.31884766
0.12133789
0.11199951
0.07965088
0.07965088
0.18078613
0.16076660
0.32885742
0.32202148
0.10723877
0.16223145
0.07965088
0.07965088
0.07965088
0.07965088
0.08062744
0.07965088
0.16174316
0.17456055
0.29443359
0.28637695
0.07965088
0.07965088
0.07965088
0.07824707
0.16809082
0.15734863
0.23803711
0.18615723
0.08398438
0.10284424
0.08636475
0.10522461
0.18603516
0.20703125
0.17590332
0.22448730
0.12817383
0.13830566
0.14794922
0.13244629
0.17651367
0.20410156
0.24536133
0.24035645
0.30395508
0.35766602
0.07965088
0.07965088
0.07965088
0.07965088
0.22595215
0.13781738
0.34497070
0.33007812
0.07965088
0.07965088
0.07965088
0.07965088
0.16613770
0.20153809
0.32592773
0.31347656
0.07965088
0.07965088
0.07965088
0.07965088
0.18566895
0.17346191
0.31860352
0.29150391
0.07965088
0.07965088
0.07965088
0.09613037
0.16711426
0.16076660
0.22692871
0.25683594
0.07965088
0.08398438
0.00000000
0.00000000
0.07965088
0.07965088
0.28247070
0.28515625
0.09948730
0.11694336
0.08062744
0.07965088
0.07965088
0.07965088
0.28393555
0.29931641
0.13146973
0.13342285
0.07965088
0.07965088
0.07965088
0.07965088
0.29907227
0.32885742
0.14953613
0.16479492
0.07965088
0.07965088
0.07861328
0.07623291
0.07861328
0.07965088
0.17248535
0.13146973
0.31811523
0.30053711
0.32910156
0.35253906
0.07965088
0.08978271
0.09753418
0.12176514
0.29809570
0.26147461
0.33447266
0.35571289
0.13049316
0.17248535
0.18054199
0.21765137
0.20886230
0.16418457
0.36279297
0.35473633
0.17785645
0.17785645
0.19409180
0.21325684
0.13500977
0.09173584
0.34594727
0.32861328
0.26879883
0.27978516
0.07965088
0.07965088
0.08062744
0.07824707
0.07965088
0.07965088
0.29248047
0.30932617
0.07965088
0.07965088
0.08978271
0.10766602
0.07965088
0.07965088
0.28417969
0.29150391
0.12274170
0.12805176
0.12646484
0.12512207
0.07965088
0.07965088
0.00000000
0.00000000
0.07965088
0.08538818
0.11541748
0.08062744
0.07965088
0.08398438
0.08398438
0.07965088
0.07623291
0.09313965
0.15393066
0.13793945
0.07861328
0.10046387
0.07965088
0.07965088
0.12866211
0.12286377
0.19287109
0.17431641
0.14086914
0.17346191
0.07965088
0.07965088
0.08538818
0.08978271
0.15869141
0.17187500
0.14855957
0.10522461
0.07965088
0.07965088
0.15441895
0.26464844
0.12866211
0.07861328
0.08599854
0.08062744
0.13146973
0.13488770
0.08300781
0.14660645
0.07965088
0.07965088
0.27172852
0.28515625
0.13684082
0.16442871
0.19726562
0.20642090
0.08398438
0.07965088
0.28173828
0.28613281
0.16003418
0.10186768
0.17077637
0.18090820
0.07861328
0.07965088
0.29931641
0.29638672
0.07965088
0.07824707
0.15527344
0.14660645
0.07965088
0.07965088
0.30126953
0.00000000
0.08203125
0.07965088
0.07965088
0.07965088
0.07965088
0.07965088
0.12274170
0.11199951
0.07965088
0.08062744
0.07965088
0.07965088
0.07965088
0.07965088
0.10424805
0.09692383
0.07965088
0.07965088
0.07965088
0.07965088
0.07965088
0.07965088
0.09991455
0.08978271
0.08099365
0.08837891
0.09887695
0.11401367
0.07965088
0.07965088
0.07965088
0.07965088
0.12231445
0.16027832
0.17382812
0.15393066
0.07965088
0.08062744
0.13684082
0.12951660
0.18664551
0.18469238
0.15002441
0.12707520
0.12176514
0.15832520
0.12951660
0.11541748
0.20825195
0.23107910
0.11499023
0.13012695
0.16809082
0.13928223
0.14501953
0.17199707
0.18383789
0.09411621
0.13928223
0.16015625
0.10424805
0.07965088
0.12915039
0.07965088
0.08978271
0.09411621
0.07965088
0.07965088
0.28295898
0.27416992
0.11834717
0.11199951
0.14123535
0.17883301
0.07965088
0.07666016
0.26855469
0.27319336
0.09552002
0.08398438
0.18762207
0.19775391
0.09313965
0.13244629
0.28710938
0.29003906
0.07965088
0.07965088
0.16271973
0.17578125
0.12133789
0.09753418
0.29931641
0.31298828
0.07965088
0.07965088
0.07861328
0.07965088
0.09887695
0.07965088
0.15100098
0.14953613
0.11358643
0.12707520
0.07965088
0.08062744
0.07861328
0.07965088
0.16906738
0.14758301
0.12573242
0.12573242
0.07965088
0.07965088
0.07965088
0.07965088
0.15197754
0.15197754
0.13342285
0.14172363
0.07965088
0.07965088
0.07965088
0.07965088
0.14453125
0.12274170
0.16613770
0.19494629
0.07965088
0.11303711
0.11700439
0.11401367
0.08837891
0.10809326
0.08538818
0.10089111
0.12915039
0.11401367
0.10485840
0.13049316
0.12951660
0.12670898
0.15100098
0.18359375
0.10089111
0.11102295
0.14367676
0.15393066
0.09411621
0.10864258
0.22265625
0.21313477
0.13049316
0.13879395
0.16564941
0.14367676
0.12915039
0.10864258
0.21179199
0.23937988
0.07965088
0.07965088
0.24194336
0.28417969
0.11737061
0.13342285
0.07861328
0.07965088
0.07965088
0.07965088
0.27661133
0.29150391
0.11596680
0.08398438
0.07965088
0.07965088
0.07965088
0.07965088
0.28271484
0.28247070
0.08258057
0.07965088
0.07965088
0.07965088
0.07623291
0.09173584
0.27905273
0.28369141
0.07965088
0.07965088
0.07965088
0.07965088
0.08099365
0.08398438
0.12609863
0.14855957
0.08874512
0.08258057
0.07965088
0.07965088
0.09991455
0.12609863
0.20166016
0.22497559
0.08398438
0.09173584
0.07861328
0.08978271
0.11065674
0.10821533
0.21118164
0.21374512
0.09948730
0.09509277
0.09655762
0.07824707
0.09075928
0.07965088
0.18750000
0.15637207
0.12469482
0.15148926
0.08258057
0.08734131
0.07824707
0.07623291
0.07965088
0.07965088
0.07623291
0.07965088
0.13391113
0.10766602
0.10821533
0.12231445
0.12377930
0.13781738
0.13452148
0.24108887
0.08062744
0.08636475
0.15637207
0.23706055
0.14123535
0.09991455
0.20349121
0.20544434
0.08398438
0.08978271
0.25976562
0.22814941
0.07965088
0.09991455
0.27612305
0.25024414
0.11834717
0.10723877
0.10662842
0.17797852
0.13244629
0.13781738
0.10626221
0.08099365
0.07965088
0.07965088
0.27905273
0.28076172
0.10186768
0.08734131
0.07965088
0.07965088
0.07861328
0.08679199
0.28027344
0.28369141
0.08258057
0.07965088
0.07965088
0.07965088
0.11541748
0.13781738
0.27783203
0.30908203
0.07965088
0.07965088
0.07965088
0.07965088
0.15002441
0.14221191
0.12274170
0.15197754
0.08398438
0.09411621
0.07965088
0.07965088
0.07965088
0.09613037
0.22192383
0.23840332
0.09173584
0.09173584
0.07965088
0.07965088
0.12078857
0.12072754
0.23266602
0.22326660
0.08636475
0.08062744
0.07965088
0.07965088
0.11700439
0.11303711
0.24951172
0.23156738
0.07623291
0.11889648
0.07965088
0.07965088
0.07525635
0.07525635
0.07861328
0.07965088
0.18457031
0.20544434
0.11022949
0.11297607
0.09808350
0.08837891
0.07965088
0.07623291
0.20544434
0.17102051
0.10821533
0.12072754
0.12866211
0.26123047
0.10522461
0.13110352
0.15930176
0.16271973
0.13098145
0.11834717
0.30786133
0.29199219
0.10284424
0.07666016
0.17248535
0.17980957
0.11059570
0.12036133
0.27685547
0.28344727
0.08679199
0.08636475
0.07965088
0.07965088
0.07965088
0.07965088
0.11737061
0.19433594
0.12133789
0.12805176
0.07965088
0.07965088
0.07965088
0.07965088
0.25024414
0.25390625
0.07965088
0.07666016
0.07965088
0.07965088
0.07965088
0.08978271
0.23498535
0.24279785
0.07965088
0.07965088
0.07965088
0.08099365
0.11541748
0.14855957
0.26269531
0.24206543
0.07965088
0.07965088
0.00000000
0.07965088
0.07965088
0.07965088
0.12951660
0.14562988
0.07965088
0.07965088
0.07965088
0.07965088
0.07965088
0.07965088
0.10723877
0.07824707
0.08599854
0.12670898
0.07965088
0.07965088
0.07965088
0.07965088
0.07965088
0.07965088
0.13537598
0.11987305
0.07965088
0.07965088
0.07965088
0.07965088
0.08398438
0.09649658
0.16467285
0.17980957
0.18908691
0.15197754
0.09509277
0.08734131
0.07965088
0.07965088
0.17675781
0.17346191
0.11059570
0.07965088
0.11596680
0.15490723
0.07965088
0.08636475
0.18762207
0.17480469
0.12371826
0.10864258
0.23596191
0.30200195
0.11700439
0.15563965
0.16711426
0.19592285
0.10723877
0.09368896
0.28710938
0.29052734
0.14550781
0.09948730
0.07965088
0.07965088
0.09552002
0.07861328
0.24670410
0.27685547
0.07965088
0.07965088
0.07965088
0.07965088
0.07965088
0.07965088
0.28735352
0.27563477
0.07965088
0.07965088
0.07965088
0.07965088
0.07965088
0.07965088
0.26513672
0.28149414
0.07965088
0.07623291
0.07965088
0.07623291
0.07965088
0.09411621
0.26269531
0.26391602
0.12670898
0.24353027
0.00000000
0.00000000
0.07965088
0.07965088
0.10333252
0.10485840
0.16369629
0.15734863
0.07965088
0.07965088
0.07965088
0.07965088
0.15539551
0.14453125
0.16174316
0.15539551
0.07965088
0.07965088
0.07965088
0.07965088
0.09411621
0.07965088
0.14562988
0.13146973
0.07965088
0.07965088
0.07965088
0.07965088
0.07965088
0.07965088
0.15002441
0.14465332
0.23571777
0.22424316
0.14074707
0.11395264
0.07965088
0.07965088
0.07965088
0.07965088
0.16467285
0.09887695
0.11932373
0.15930176
0.07965088
0.07965088
0.07965088
0.07965088
0.12371826
0.10919189
0.20227051
0.26074219
0.07965088
0.09991455
0.07965088
0.07965088
0.11755371
0.14672852
0.29028320
0.28710938
0.15002441
0.13586426
0.07965088
0.07861328
0.11737061
0.08398438
0.26269531
0.26733398
0.21105957
0.15673828
0.28515625
0.00000000
0.07623291
0.07861328
0.30346680
0.31176758
0.09509277
0.07666016
0.00000000
0.07965088
0.07965088
0.07965088
0.29028320
0.28222656
0.07965088
0.07965088
0.07965088
0.07965088
0.09552002
0.10668945
0.29174805
0.24584961
0.07965088
0.07525635
0.07965088
0.07965088
0.07965088
0.07965088
0.08062744
0.09313965
0.08099365
0.09112549
0.24267578
0.13745117
0.07965088
0.07965088
0.10900879
0.09411621
0.08538818
0.08203125
0.10089111
0.15393066
0.07965088
0.07965088
0.13244629
0.13830566
0.07965088
0.08538818
0.16027832
0.14758301
0.07965088
0.07965088
0.08398438
0.07965088
0.08062744
0.10565186
0.17590332
0.17492676
0.14416504
0.10723877
0.07965088
0.07965088
0.07965088
0.07965088
0.17248535
0.19494629
0.11694336
0.15051270
0.07965088
0.07965088
0.07965088
0.07965088
0.17480469
0.12854004
0.24414062
0.27172852
0.07965088
0.07965088
0.07965088
0.08538818
0.10864258
0.10766602
0.27465820
0.29150391
0.07965088
0.07623291
0.07965088
0.07965088
0.08538818
0.09411621
0.13952637
0.13989258
0.24084473
0.24426270
0.28515625
0.28076172
0.08538818
0.08062744
0.15637207
0.18933105
0.24011230
0.17785645
0.00000000
0.00000000
0.07965088
0.07965088
0.18835449
0.20776367
0.13977051
0.10345459
0.07965088
0.07965088
0.07965088
0.07965088
0.20214844
0.20019531
0.07623291
0.08636475
0.07965088
0.07965088
0.07965088
0.07965088
0.11157227
0.10290527
0.23608398
0.23706055
0.12976074
0.21606445
0.12274170
0.12902832
0.09075928
0.09991455
0.23510742
0.23046875
0.27075195
0.26245117
0.14648438
0.22106934
0.10565186
0.13452148
0.20922852
0.16174316
0.23620605
0.22119141
0.26342773
0.25170898
0.09808350
0.07861328
0.10186768
0.07666016
0.18273926
0.18286133
0.29760742
0.29638672
0.07965088
0.07965088
0.07965088
0.07965088
0.17980957
0.20104980
0.25024414
0.24182129
0.07965088
0.07965088
0.07965088
0.07965088
0.20104980
0.18615723
0.25976562
0.27807617
0.07965088
0.07965088
0.07965088
0.08978271
0.15539551
0.13244629
0.25781250
0.19970703
0.07965088
0.07965088
0.08398438
0.07965088
0.08978271
0.13452148
0.18322754
0.18127441
0.19848633
0.22302246
0.28613281
0.28613281
0.07965088
0.07965088
0.07965088
0.10327148
0.21557617
0.17919922
0.27172852
0.00000000
0.07965088
0.07965088
0.12469482
0.12036133
0.17736816
0.18701172
0.00000000
0.08300781
0.07965088
0.07965088
0.09552002
0.08099365
0.15686035
0.15197754
0.07965088
0.07965088
0.07965088
0.07965088
0.07861328
0.07965088
0.15979004
0.14123535
0.33154297
0.33398438
0.17871094
0.15393066
0.07965088
0.07965088
0.16076660
0.17053223
0.31420898
0.30200195
0.18725586
0.22607422
0.07965088
0.07965088
0.19238281
0.19152832
0.30224609
0.27587891
0.27612305
0.31274414
0.07965088
0.07965088
0.15734863
0.11499023
0.21936035
0.17773438
0.34106445
0.31616211
0.07965088
0.07965088
0.10089111
0.09075928
0.16271973
0.23669434
0.20947266
0.24047852
0.19360352
0.13842773
0.07965088
0.07965088
0.22497559
0.23205566
0.26928711
0.25830078
0.10919189
0.08398438
0.07965088
0.07965088
0.24487305
0.18078613
0.23303223
0.21716309
0.07965088
0.08398438
0.07965088
0.07965088
0.10565186
0.14526367
0.21520996
0.24621582
0.08538818
0.09753418
0.27978516
0.28271484
0.07965088
0.07965088
0.11737061
0.10089111
0.15771484
0.16467285
0.27050781
0.26098633
0.07965088
0.07965088
0.08837891
0.10089111
0.20654297
0.21557617
0.00000000
0.00000000
0.07965088
0.07965088
0.08636475
0.07965088
0.19799805
0.17016602
0.10046387
0.07623291
0.07965088
0.07965088
0.07965088
0.07861328
0.16711426
0.15734863
0.34936523
0.36108398
0.20349121
0.26464844
0.07965088
0.07965088
0.07965088
0.07965088
0.34155273
0.34130859
0.26879883
0.28686523
0.07965088
0.07965088
0.07965088
0.07965088
0.30102539
0.29711914
0.32153320
0.32861328
0.07965088
0.07965088
0.07965088
0.07965088
0.26831055
0.23657227
0.34936523
0.32934570
0.07965088
0.07965088
0.07965088
0.07965088
0.18115234
0.15429688
0.22656250
0.21752930
0.07324219
0.07861328
0.29541016
0.30712891
0.22766113
0.27441406
0.23168945
0.26367188
0.07965088
0.07965088
0.28076172
0.27221680
0.26708984
0.16906738
0.27587891
0.31103516
0.07965088
0.08258057
0.27294922
0.00000000
0.17785645
0.20544434
0.30834961
0.32226562
0.11157227
0.12902832
0.00000000
0.07623291
0.24511719
0.00000000
0.09991455
0.00000000
0.08099365
0.00000000
0.09411621
0.00000000
0.00000000
0.00000000
0.00000000
0.00000000
0.00000000
0.00000000
0.00000000
0.00000000
0.00000000
0.00000000
0.00000000
0.00000000
0.00000000
0.00000000
0.00000000
0.00000000
0.00000000
0.00000000
0.00000000
0.00000000
0.00000000
0.00000000
0.00000000
0.00000000
0.07965088
0.00000000
0.29492188
0.00000000
0.07861328
0.00000000
0.08538818
0.00000000
0.00000000
0.00000000
0.00000000
0.00000000
0.00000000
0.00000000
0.00000000
0.00000000
0.00000000
0.00000000
0.00000000
0.00000000
0.00000000
0.00000000
0.00000000
0.00000000
0.00000000
0.00000000
0.00000000
0.00000000
0.00000000
0.00000000
0.00000000
0.00000000
0.09655762
0.00000000
0.15100098
0.00000000
0.07965088
0.00000000
0.00000000
0.00000000
0.00000000
0.00000000
0.00000000
0.00000000
0.00000000
0.00000000
0.00000000
0.00000000
0.00000000
0.00000000
0.00000000
0.00000000
0.00000000
0.00000000
0.00000000
0.00000000
0.00000000
0.00000000
0.00000000
0.00000000
0.00000000
0.00000000
0.00000000
0.00000000
0.07965088
0.00000000
0.09075928
0.00000000
0.08538818
0.00000000
0.07965088
0.00000000
0.00000000
0.00000000
0.00000000
0.00000000
0.00000000
0.00000000
0.00000000
0.00000000
0.00000000
0.00000000
0.00000000
0.00000000
0.00000000
0.00000000
0.00000000
0.00000000
0.00000000
0.00000000
0.00000000
0.00000000
0.00000000
0.00000000
0.00000000
0.00000000
0.08343506
0.00000000
0.15539551
0.00000000
0.07824707
0.00000000
0.07965088
0.00000000
0.00000000
0.00000000
0.00000000
0.00000000
0.00000000
0.00000000
0.00000000
0.00000000
0.00000000
0.00000000
0.00000000
0.00000000
0.00000000
0.00000000
0.00000000
0.00000000
0.00000000
0.00000000
0.00000000
0.00000000
0.00000000
0.00000000
0.00000000
0.00000000
0.17346191
0.00000000
0.09509277
0.00000000
0.00000000
0.00000000
0.08099365
0.00000000
0.00000000
0.00000000
0.00000000
0.00000000
0.00000000
0.00000000
0.00000000
0.00000000
0.00000000
0.00000000
0.00000000
0.00000000
0.00000000
0.00000000
0.00000000
0.00000000
0.00000000
0.00000000
0.00000000
0.00000000
0.00000000
0.00000000
0.00000000
0.00000000
0.07965088
0.00000000
0.07965088
0.00000000
0.10327148
0.00000000
0.20959473
0.00000000
0.00000000
0.00000000
0.00000000
0.00000000
0.00000000
0.00000000
0.00000000
0.00000000
0.00000000
0.00000000
0.00000000
0.00000000
0.00000000
0.00000000
0.00000000
0.00000000
0.00000000
0.00000000
0.00000000
0.00000000
0.00000000
0.00000000
0.00000000
0.00000000
0.12902832
0.00000000
0.14416504
0.00000000
0.08978271
0.00000000
0.21850586
0.00000000
0.00000000
0.00000000
0.00000000
0.00000000
0.00000000
0.00000000
0.00000000
0.00000000
0.00000000
0.00000000
0.00000000
0.00000000
0.00000000
0.00000000
0.00000000
0.00000000
0.00000000
0.00000000
0.00000000
0.00000000
0.00000000
0.00000000
0.00000000
0.00000000
0.12573242
0.00000000
0.29443359
0.00000000
0.07965088
0.00000000
0.07965088
0.00000000
0.00000000
0.00000000
0.00000000
0.00000000
0.00000000
0.00000000
0.00000000
0.00000000
0.00000000
0.00000000
0.00000000
0.00000000
0.00000000
0.00000000
0.00000000
0.00000000
0.00000000
0.00000000
0.00000000
0.00000000
0.00000000
0.00000000
0.00000000
0.00000000
0.07965088
0.00000000
0.15100098
0.00000000
0.17492676
0.00000000
0.07965088
0.00000000
0.00000000
0.00000000
0.00000000
0.00000000
0.00000000
0.00000000
0.00000000
0.00000000
0.00000000
0.00000000
0.00000000
0.00000000
0.00000000
0.00000000
0.00000000
0.00000000
0.00000000
0.00000000
0.00000000
0.00000000
0.00000000
0.00000000
0.00000000
0.00000000
0.14453125
0.00000000
0.12573242
0.00000000
0.20581055
0.00000000
0.10089111
0.00000000
0.00000000
0.00000000
0.00000000
0.00000000
0.00000000
0.00000000
0.00000000
0.00000000
0.00000000
0.00000000
0.00000000
0.00000000
0.00000000
0.00000000
0.00000000
0.00000000
0.00000000
0.00000000
0.00000000
0.00000000
0.00000000
0.00000000
0.00000000
0.00000000
0.28149414
0.00000000
0.07965088
0.00000000
0.07525635
0.00000000
0.13781738
0.00000000
0.00000000
0.00000000
0.00000000
0.00000000
0.00000000
0.00000000
0.00000000
0.00000000
0.00000000
0.00000000
0.00000000
0.00000000
0.00000000
0.00000000
0.00000000
0.00000000
0.00000000
0.00000000
0.00000000
0.00000000
0.00000000
0.00000000
0.00000000
0.00000000
0.20019531
0.00000000
0.15539551
0.00000000
0.07965088
0.00000000
0.07666016
0.00000000
0.00000000
0.00000000
0.00000000
0.00000000
0.00000000
0.00000000
0.00000000
0.00000000
0.00000000
0.00000000
0.00000000
0.00000000
0.00000000
0.00000000
0.00000000
0.00000000
0.00000000
0.00000000
0.00000000
0.00000000
0.00000000
0.00000000
0.00000000
0.00000000
0.10961914
0.00000000
0.17785645
0.00000000
0.11157227
0.00000000
0.27783203
0.00000000
0.00000000
0.00000000
0.00000000
0.00000000
0.00000000
0.00000000
0.00000000
0.00000000
0.00000000
0.00000000
0.00000000
0.00000000
0.00000000
0.00000000
0.00000000
0.00000000
0.00000000
0.00000000
0.00000000
0.00000000
0.00000000
0.00000000
0.00000000
0.00000000
0.07965088
0.00000000
0.08203125
0.00000000
0.15966797
0.00000000
0.24890137
0.00000000
0.00000000
0.00000000
0.00000000
0.00000000
0.00000000
0.00000000
0.00000000
0.00000000
0.00000000
0.00000000
0.00000000
0.00000000
0.00000000
0.00000000
0.00000000
0.00000000
0.00000000
0.00000000
0.00000000
0.00000000
0.00000000
0.00000000
0.00000000
0.00000000
0.11395264
0.00000000
0.07965088
0.00000000
0.07965088
0.00000000
0.08203125
0.00000000
0.00000000
0.00000000
0.00000000
0.00000000
0.00000000
0.00000000
0.00000000
0.00000000
0.00000000
0.00000000
0.00000000
0.00000000
0.00000000
0.00000000
0.00000000
0.00000000
0.00000000
0.00000000
0.00000000
0.00000000
0.00000000
0.00000000
0.00000000
0.00000000
0.22387695
0.00000000
0.12329102
0.00000000
0.28002930
0.00000000
0.07666016
0.00000000
0.00000000
0.00000000
0.00000000
0.00000000
0.00000000
0.00000000
0.00000000
0.00000000
0.00000000
0.00000000
0.00000000
0.00000000
0.00000000
0.00000000
0.00000000
0.00000000
0.00000000
0.00000000
0.00000000
0.00000000
0.00000000
0.00000000
0.00000000
0.00000000
0.11260986
0.00000000
0.11877441
0.00000000
0.22766113
0.00000000
0.27514648
0.00000000
0.00000000
0.00000000
0.00000000
0.00000000
0.00000000
0.00000000
0.00000000
0.00000000
0.00000000
0.00000000
0.00000000
0.00000000
0.00000000
0.00000000
0.00000000
0.00000000
0.00000000
0.00000000
0.00000000
0.00000000
0.00000000
0.00000000
0.00000000
0.00000000
0.07965088
0.00000000
0.07965088
0.00000000
0.07824707
0.00000000
0.13781738
0.00000000
0.00000000
0.00000000
0.00000000
0.00000000
0.00000000
0.00000000
0.00000000
0.00000000
0.00000000
0.00000000
0.00000000
0.00000000
0.00000000
0.00000000
0.00000000
0.00000000
0.00000000
0.00000000
0.00000000
0.00000000
0.00000000
0.00000000
0.00000000
0.00000000
0.14672852
0.00000000
0.28295898
0.00000000
0.10864258
0.00000000
0.09552002
0.00000000
0.00000000
0.00000000
0.00000000
0.00000000
0.00000000
0.00000000
0.00000000
0.00000000
0.00000000
0.00000000
0.00000000
0.00000000
0.00000000
0.00000000
0.00000000
0.00000000
0.00000000
0.00000000
0.00000000
0.00000000
0.00000000
0.00000000
0.00000000
0.00000000
0.11596680
0.00000000
0.21618652
0.00000000
0.09613037
0.00000000
0.07965088
0.00000000
0.00000000
0.00000000
0.00000000
0.00000000
0.00000000
0.00000000
0.00000000
0.00000000
0.00000000
0.00000000
0.00000000
0.00000000
0.00000000
0.00000000
0.00000000
0.00000000
0.00000000
0.00000000
0.00000000
0.00000000
0.00000000
0.00000000
0.00000000
0.00000000
0.07965088
0.00000000
0.07623291
0.00000000
0.13208008
0.00000000
0.18627930
0.00000000
0.00000000
0.00000000
0.00000000
0.00000000
0.00000000
0.00000000
0.00000000
0.00000000
0.00000000
0.00000000
0.00000000
0.00000000
0.00000000
0.00000000
0.00000000
0.00000000
0.00000000
0.00000000
0.00000000
0.00000000
0.00000000
0.00000000
0.00000000
0.00000000
0.27758789
0.00000000
0.07965088
0.00000000
0.07965088
0.00000000
0.11065674
0.00000000
0.00000000
0.00000000
0.00000000
0.00000000
0.00000000
0.00000000
0.00000000
0.00000000
0.00000000
0.00000000
0.00000000
0.00000000
0.00000000
0.00000000
0.00000000
0.00000000
0.00000000
0.00000000
0.00000000
0.00000000
0.00000000
0.00000000
0.00000000
0.00000000
0.21813965
0.00000000
0.10522461
0.00000000
0.07965088
0.00000000
0.07965088
0.00000000
0.00000000
0.00000000
0.00000000
0.00000000
0.00000000
0.00000000
0.00000000
0.00000000
0.00000000
0.00000000
0.00000000
0.00000000
0.00000000
0.00000000
0.00000000
0.00000000
0.00000000
0.00000000
0.00000000
0.00000000
0.00000000
0.00000000
0.00000000
0.00000000
0.07965088
0.00000000
0.12609863
0.00000000
0.22058105
0.00000000
0.30053711
0.00000000
0.00000000
0.00000000
0.00000000
0.00000000
0.00000000
0.00000000
0.00000000
0.00000000
0.00000000
0.00000000
0.00000000
0.00000000
0.00000000
0.00000000
0.00000000
0.00000000
0.00000000
0.00000000
0.00000000
0.00000000
0.00000000
0.00000000
0.00000000
0.00000000
0.07965088
0.00000000
0.07965088
0.00000000
0.14904785
0.00000000
0.19287109
0.00000000
0.00000000
0.00000000
0.00000000
0.00000000
0.00000000
0.00000000
0.00000000
0.00000000
0.00000000
0.00000000
0.00000000
0.00000000
0.00000000
0.00000000
0.00000000
0.00000000
0.00000000
0.00000000
0.00000000
0.00000000
0.00000000
0.00000000
0.00000000
0.00000000
0.13586426
0.00000000
0.07965088
0.00000000
0.07965088
0.00000000
0.07861328
0.00000000
0.00000000
0.00000000
0.00000000
0.00000000
0.00000000
0.00000000
0.00000000
0.00000000
0.00000000
0.00000000
0.00000000
0.00000000
0.00000000
0.00000000
0.00000000
0.00000000
0.00000000
0.00000000
0.00000000
0.00000000
0.00000000
0.00000000
0.00000000
0.00000000
0.15832520
0.00000000
0.17590332
0.00000000
0.30688477
0.00000000
0.07965088
0.00000000
0.00000000
0.00000000
0.00000000
0.00000000
0.00000000
0.00000000
0.00000000
0.00000000
0.00000000
0.00000000
0.00000000
0.00000000
0.00000000
0.00000000
0.00000000
0.00000000
0.00000000
0.00000000
0.00000000
0.00000000
0.00000000
0.00000000
0.00000000
0.00000000
0.07965088
0.00000000
0.15881348
0.00000000
0.27148438
0.00000000
0.11596680
0.00000000
0.00000000
0.00000000
0.00000000
0.00000000
0.00000000
0.00000000
0.00000000
0.00000000
0.00000000
0.00000000
0.00000000
0.00000000
0.00000000
0.00000000
0.00000000
0.00000000
0.00000000
0.00000000
0.00000000
0.00000000
0.00000000
0.00000000
0.00000000
0.00000000
0.07965088
0.00000000
0.07965088
0.00000000
0.08636475
0.00000000
0.16174316
0.00000000
0.00000000
0.00000000
0.00000000
0.00000000
0.00000000
0.00000000
0.00000000
0.00000000
0.00000000
0.00000000
0.00000000
0.00000000
0.00000000
0.00000000
0.00000000
0.00000000
0.00000000
0.00000000
0.00000000
0.00000000
0.00000000
0.00000000
0.00000000
0.00000000
0.20361328
0.00000000
0.35302734
0.00000000
0.07965088
0.00000000
0.07965088
0.00000000
0.00000000
0.00000000
0.00000000
0.00000000
0.00000000
0.00000000
0.00000000
0.00000000
0.00000000
0.00000000
0.00000000
0.00000000
0.00000000
0.00000000
0.00000000
0.00000000
0.00000000
0.00000000
0.00000000
0.00000000
0.00000000
0.00000000
0.00000000
0.00000000
0.21862793
0.00000000
0.32519531
0.00000000
0.14855957
0.00000000
0.07965088
0.00000000
0.00000000
0.00000000
0.00000000
0.00000000
0.00000000
0.00000000
0.00000000
0.00000000
0.00000000
0.00000000
0.00000000
0.00000000
0.00000000
0.00000000
0.00000000
0.00000000
0.00000000
0.00000000
0.00000000
0.00000000
0.00000000
0.00000000
0.00000000
0.00000000
