0.31787109
0.33935547
0.35302734
0.38159180
0.71386719
0.71679688
0.09173584
0.11541748
0.32495117
0.30029297
0.42138672
0.41210938
0.72998047
0.72607422
0.11401367
0.07965088
0.25781250
0.23767090
0.41967773
0.45629883
0.72900391
0.73242188
0.07965088
0.07965088
0.21984863
0.15283203
0.49072266
0.42260742
0.71191406
0.69726562
0.07965088
0.07965088
0.29443359
0.19580078
0.51025391
0.48315430
0.14318848
0.16210938
0.31542969
0.27099609
0.17358398
0.27954102
0.48437500
0.47973633
0.16577148
0.18127441
0.33642578
0.43408203
0.34619141
0.35473633
0.46264648
0.46020508
0.20605469
0.22290039
0.56445312
0.61328125
0.40258789
0.42016602
0.45507812
0.46166992
0.27001953
0.32031250
0.61181641
0.62890625
0.63671875
0.60351562
0.15393066
0.15393066
0.43774414
0.48168945
0.52099609
0.53710938
0.61474609
0.58740234
0.17443848
0.18127441
0.52392578
0.52685547
0.51123047
0.48315430
0.00000000
0.00000000
0.22338867
0.26049805
0.52832031
0.48706055
0.45947266
0.43090820
0.10388184
0.09173584
0.29736328
0.29711914
0.52539062
0.53710938
0.39062500
0.37158203
0.37988281
0.40380859
0.73388672
0.74511719
0.13049316
0.15051270
0.28417969
0.19604492
0.39501953
0.42626953
0.72412109
0.76562500
0.11694336
0.12274170
0.17553711
0.25903320
0.41748047
0.38647461
0.77197266
0.74072266
0.09552002
0.08978271
0.31250000
0.37939453
0.39941406
0.46777344
0.75195312
0.75781250
0.09112549
0.07965088
0.39575195
0.38110352
0.54541016
0.52246094
0.21655273
0.17883301
0.35327148
0.36352539
0.66894531
0.65966797
0.52050781
0.51513672
0.14855957
0.12902832
0.44067383
0.53759766
0.64404297
0.63671875
0.49243164
0.50292969
0.16845703
0.20983887
0.56103516
0.58740234
0.59863281
0.00000000
0.50732422
0.52441406
0.23413086
0.28491211
0.62988281
0.65234375
0.00000000
0.08300781
0.15197754
0.15637207
0.49023438
0.50439453
0.58007812
0.58935547
0.39477539
0.40356445
0.18518066
0.18957520
0.49023438
0.52734375
0.57861328
0.55957031
0.40893555
0.44360352
0.20117188
0.24084473
0.52783203
0.52832031
0.54541016
0.55517578
0.43286133
0.45239258
0.26562500
0.29101562
0.54150391
0.53222656
0.53466797
0.49072266
0.45117188
0.45703125
0.75000000
0.73925781
0.13012695
0.14025879
0.31762695
0.19140625
0.54833984
0.54199219
0.75195312
0.75390625
0.15393066
0.10186768
0.18164062
0.25781250
0.53906250
0.54736328
0.76123047
0.75488281
0.08874512
0.13684082
0.32495117
0.35864258
0.51904297
0.53222656
0.78222656
0.77636719
0.11303711
0.08978271
0.38549805
0.39135742
0.56298828
0.54931641
0.32446289
0.29077148
0.40283203
0.41772461
0.68701172
0.68164062
0.12609863
0.12756348
0.29272461
0.29345703
0.35229492
0.42114258
0.66162109
0.65478516
0.14123535
0.16516113
0.27563477
0.24499512
0.60839844
0.60205078
0.62255859
0.62353516
0.20568848
0.26098633
0.21435547
0.22058105
0.61474609
0.65576172
0.00000000
0.00000000
0.26953125
0.24597168
0.50390625
0.50244141
0.62207031
0.59814453
0.36523438
0.35522461
0.72558594
0.75097656
0.52001953
0.52734375
0.58984375
0.58447266
0.39135742
0.42651367
0.78027344
0.77148438
0.53173828
0.52294922
0.55810547
0.54638672
0.37084961
0.41845703
0.75195312
0.79589844
0.55078125
0.54150391
0.55859375
0.51171875
0.47705078
0.48608398
0.78076172
0.75830078
0.11004639
0.11834717
0.26123047
0.17871094
0.57373047
0.54296875
0.41650391
0.38989258
0.12274170
0.10821533
0.16711426
0.27587891
0.53125000
0.56250000
0.36596680
0.32666016
0.07763672
0.12274170
0.35864258
0.36987305
0.58447266
0.55078125
0.31372070
0.26660156
0.12176514
0.11499023
0.38769531
0.36328125
0.58007812
0.57958984
0.24523926
0.26269531
0.49243164
0.48925781
0.70898438
0.68994141
0.12707520
0.13928223
0.48803711
0.52978516
0.46875000
0.44628906
0.68017578
0.66894531
0.11737061
0.16076660
0.52734375
0.51025391
0.45703125
0.43676758
0.67675781
0.66845703
0.20043945
0.23937988
0.51708984
0.54101562
0.60986328
0.63964844
0.62353516
0.00000000
0.26000977
0.26245117
0.53076172
0.52294922
0.61474609
0.58447266
0.42187500
0.43750000
0.74169922
0.76074219
0.08099365
0.09216309
0.58496094
0.62939453
0.42041016
0.41137695
0.78564453
0.80078125
0.08636475
0.09509277
0.62060547
0.58691406
0.36914062
0.37939453
0.80126953
0.78125000
0.08398438
0.07965088
0.57324219
0.54589844
0.38134766
0.43896484
0.80078125
0.80810547
0.09313965
0.08978271
0.20178223
0.15979004
0.59814453
0.58544922
0.44287109
0.40502930
0.54345703
0.53222656
0.17993164
0.22668457
0.57617188
0.58300781
0.37841797
0.34204102
0.53320312
0.48168945
0.21911621
0.18151855
0.59277344
0.59375000
0.31591797
0.28637695
0.50488281
0.52148438
0.27612305
0.38256836
0.59130859
0.61718750
0.25512695
0.25219727
0.44042969
0.39770508
0.76318359
0.74609375
0.15832520
0.15393066
0.47460938
0.48242188
0.62011719
0.61474609
0.72705078
0.70605469
0.15539551
0.13781738
0.52099609
0.53173828
0.59863281
0.61230469
0.66650391
0.65966797
0.12707520
0.20104980
0.55371094
0.54443359
0.61523438
0.60791016
0.64111328
0.63720703
0.25195312
0.23352051
0.56396484
0.57812500
0.59277344
0.58740234
0.39501953
0.42773438
0.76660156
0.77929688
0.07965088
0.08062744
0.13891602
0.18334961
0.42138672
0.42163086
0.76220703
0.77783203
0.08538818
0.07965088
0.24963379
0.31176758
0.45605469
0.51513672
0.80419922
0.80029297
0.07861328
0.08538818
0.33715820
0.33837891
0.49438477
0.48999023
0.81005859
0.81933594
0.10565186
0.09112549
0.36743164
0.34765625
0.57812500
0.58154297
0.50878906
0.47998047
0.53710938
0.59423828
0.79638672
0.78759766
0.59472656
0.58251953
0.44604492
0.39672852
0.56982422
0.50195312
0.77392578
0.75537109
0.60595703
0.59716797
0.37402344
0.32934570
0.47045898
0.54785156
0.70947266
0.68359375
0.59960938
0.64062500
0.29394531
0.28125000
0.52929688
0.48608398
0.66259766
0.64355469
0.15734863
0.14758301
0.47827148
0.48852539
0.60302734
0.62695312
0.37500000
0.37573242
0.16809082
0.15002441
0.51904297
0.53173828
0.61767578
0.60888672
0.41333008
0.43969727
0.16040039
0.19775391
0.53369141
0.54394531
0.60693359
0.61816406
0.44360352
0.45825195
0.12854004
0.14123535
0.55419922
0.55468750
0.59619141
0.58154297
0.50097656
0.48706055
0.72412109
0.78710938
0.07965088
0.07965088
0.35424805
0.33471680
0.56982422
0.57177734
0.76562500
0.78613281
0.07965088
0.07965088
0.31884766
0.31347656
0.61181641
0.62792969
0.81396484
0.82275391
0.07965088
0.07861328
0.26953125
0.26318359
0.61767578
0.59667969
0.83105469
0.82324219
0.10522461
0.13488770
0.32080078
0.35693359
0.63916016
0.63427734
0.57519531
0.55908203
0.57617188
0.61523438
0.80957031
0.82617188
0.10131836
0.12512207
0.54345703
0.48925781
0.63232422
0.60107422
0.78808594
0.77001953
0.15197754
0.15637207
0.41479492
0.39062500
0.61474609
0.59033203
0.73242188
0.71289062
0.15783691
0.22912598
0.37133789
0.31030273
0.59179688
0.63134766
0.69335938
0.66845703
0.24450684
0.26147461
0.45288086
0.52050781
0.59082031
0.57910156
0.41308594
0.46093750
0.44311523
0.42944336
0.51562500
0.50537109
0.57421875
0.61474609
0.46289062
0.46508789
0.63964844
0.80322266
0.53808594
0.52978516
0.58251953
0.58886719
0.46069336
0.45800781
0.79394531
0.79882812
0.53759766
0.57080078
0.59082031
0.58789062
0.41528320
0.43725586
0.81494141
0.81738281
0.07965088
0.07965088
0.30444336
0.34570312
0.56982422
0.58593750
0.58886719
0.56201172
0.07965088
0.07965088
0.34838867
0.32910156
0.60546875
0.60400391
0.55957031
0.57031250
0.07965088
0.08062744
0.31005859
0.32202148
0.58984375
0.62402344
0.51025391
0.44067383
0.09991455
0.15734863
0.32592773
0.31591797
0.62060547
0.60644531
0.42114258
0.37451172
0.54882812
0.55175781
0.82470703
0.80224609
0.11834717
0.12219238
0.33886719
0.28833008
0.60693359
0.59814453
0.81982422
0.80175781
0.14270020
0.16271973
0.51660156
0.52197266
0.61132812
0.58837891
0.75146484
0.74707031
0.17456055
0.19372559
0.54541016
0.52636719
0.56542969
0.62255859
0.70703125
0.71191406
0.24353027
0.26708984
0.54833984
0.54882812
0.58642578
0.60888672
0.44482422
0.46386719
0.58593750
0.50537109
0.00000000
0.07965088
0.62158203
0.60351562
0.41967773
0.42285156
0.51953125
0.59033203
0.07965088
0.07965088
0.58935547
0.60400391
0.44506836
0.44262695
0.59130859
0.75292969
0.07965088
0.07965088
0.60058594
0.56494141
0.43652344
0.40917969
0.80029297
0.81542969
0.07623291
0.09411621
0.31811523
0.30078125
0.58251953
0.60693359
0.58056641
0.58447266
0.55712891
0.58007812
0.31005859
0.31005859
0.60839844
0.61035156
0.58593750
0.59375000
0.60058594
0.58593750
0.34301758
0.32128906
0.61962891
0.60546875
0.52734375
0.50097656
0.57812500
0.58837891
0.30859375
0.30566406
0.61718750
0.63134766
0.49365234
0.46508789
0.61083984
0.64062500
0.80615234
0.79833984
0.11004639
0.12854004
0.40698242
0.40625000
0.60693359
0.61816406
0.82666016
0.80810547
0.15734863
0.16711426
0.26782227
0.37817383
0.63818359
0.61376953
0.80712891
0.79443359
0.14025879
0.14953613
0.48364258
0.51123047
0.61425781
0.60009766
0.74365234
0.74023438
0.12536621
0.16748047
0.49633789
0.52441406
0.55908203
0.56152344
0.46289062
0.42822266
0.60351562
0.63476562
0.00000000
0.00000000
0.33715820
0.32495117
0.40649414
0.40649414
0.63281250
0.53906250
0.08978271
0.07861328
0.30639648
0.28979492
0.42285156
0.40844727
0.55957031
0.54785156
0.07965088
0.07965088
0.23852539
0.17285156
0.38378906
0.42260742
0.52490234
0.68505859
0.08636475
0.09112549
0.14770508
0.23083496
0.60888672
0.61523438
0.55273438
0.54833984
0.50390625
0.52929688
0.82861328
0.82031250
0.60351562
0.58837891
0.54052734
0.56494141
0.55371094
0.54003906
0.82470703
0.79785156
0.62060547
0.61669922
0.51171875
0.53173828
0.54589844
0.55273438
0.80957031
0.78808594
0.61962891
0.64599609
0.52636719
0.51416016
0.56835938
0.60058594
0.77148438
0.76025391
0.12805176
0.11437988
0.30151367
0.31225586
0.58544922
0.63378906
0.47363281
0.45605469
0.10864258
0.09454346
0.36010742
0.28393555
0.59716797
0.60156250
0.44726562
0.43408203
0.12475586
0.17785645
0.43725586
0.47460938
0.57958984
0.60449219
0.42456055
0.40649414
0.18029785
0.18945312
0.36767578
0.44604492
0.61865234
0.55810547
0.41674805
0.40625000
0.62890625
0.62207031
0.66796875
0.00000000
0.11840820
0.09655762
0.59082031
0.60107422
0.65527344
0.62158203
0.00000000
0.08636475
0.19506836
0.27636719
0.59570312
0.60156250
0.62695312
0.63085938
0.08978271
0.07861328
0.16320801
0.10968018
0.60253906
0.63330078
0.56054688
0.51855469
0.07861328
0.09655762
0.24926758
0.23718262
0.62695312
0.62304688
0.55859375
0.57666016
0.45166016
0.49414062
0.83642578
0.81542969
0.14270020
0.14904785
0.58300781
0.58349609
0.46899414
0.47363281
0.81542969
0.81054688
0.15197754
0.14025879
0.55322266
0.51269531
0.47216797
0.46362305
0.81835938
0.81542969
0.10424805
0.14123535
0.49218750
0.51611328
0.52343750
0.58349609
0.81396484
0.80566406
0.21386719
0.23925781
0.35229492
0.38403320
0.63818359
0.63916016
0.55712891
0.52441406
0.60351562
0.64111328
0.37890625
0.26782227
0.61669922
0.60449219
0.47973633
0.46704102
0.64648438
0.64843750
0.24902344
0.33398438
0.61279297
0.58154297
0.41577148
0.43188477
0.66113281
0.64013672
0.34960938
0.37573242
0.59814453
0.60351562
0.40405273
0.35449219
0.62500000
0.62792969
0.67236328
0.66162109
0.25488281
0.24304199
0.56640625
0.57617188
0.58789062
0.54296875
0.00000000
0.00000000
0.17395020
0.11340332
0.59716797
0.61669922
0.52197266
0.53662109
0.07965088
0.11157227
0.11065674
0.10864258
0.61035156
0.62060547
0.55712891
0.53564453
0.11340332
0.07623291
0.15295410
0.28930664
0.61425781
0.63183594
0.54589844
0.59130859
0.10186768
0.08258057
0.37963867
0.35009766
0.67529297
0.64892578
0.09216309
0.08502197
0.07623291
0.08062744
0.33666992
0.32934570
0.65771484
0.64355469
0.12274170
0.10900879
0.10961914
0.14453125
0.35571289
0.38818359
0.62890625
0.60449219
0.14416504
0.15002441
0.11541748
0.12707520
0.44946289
0.47363281
0.60156250
0.58105469
0.16076660
0.18420410
0.46069336
0.48876953
0.47851562
0.50781250
0.34912109
0.31103516
0.64062500
0.68017578
0.49047852
0.46630859
0.49682617
0.51025391
0.31152344
0.34716797
0.69677734
0.69042969
0.46655273
0.47900391
0.48193359
0.46142578
0.36230469
0.35180664
0.71826172
0.72265625
0.50585938
0.49902344
0.43188477
0.41259766
0.39282227
0.42871094
0.73535156
0.73535156
0.12805176
0.13183594
0.31176758
0.36816406
0.54199219
0.54833984
0.32299805
0.26025391
0.11065674
0.11596680
0.38085938
0.37890625
0.54394531
0.51904297
0.25488281
0.23840332
0.08978271
0.07965088
0.37597656
0.23608398
0.52636719
0.48632812
0.17187500
0.14050293
0.10186768
0.11157227
0.18701172
0.21630859
0.49731445
0.50927734
0.13244629
0.13049316
0.45556641
0.49145508
0.71240234
0.69335938
0.08538818
0.08978271
0.40014648
0.47363281
0.41918945
0.37011719
0.69384766
0.67968750
0.09112549
0.08300781
0.51708984
0.50048828
0.32910156
0.30859375
0.66015625
0.64794922
0.14025879
0.15539551
0.48583984
0.49096680
0.30468750
0.39550781
0.63134766
0.62939453
0.17346191
0.18127441
0.49365234
0.50830078
0.55761719
0.58056641
0.30297852
0.31518555
0.67089844
0.67724609
0.09552002
0.09753418
0.59863281
0.57666016
0.32910156
0.35498047
0.69628906
0.70605469
0.08636475
0.07525635
0.56835938
0.57275391
0.39892578
0.38647461
0.74121094
0.73535156
0.11499023
0.14758301
0.55175781
0.54589844
0.42407227
0.38452148
0.73095703
0.75634766
0.15393066
0.11499023
0.30566406
0.32788086
0.54492188
0.53906250
0.40991211
0.34790039
0.46899414
0.48339844
0.31518555
0.33007812
0.53271484
0.55029297
0.33349609
0.29394531
0.40234375
0.41821289
0.33642578
0.22302246
0.53808594
0.53417969
0.25903320
0.23254395
0.50341797
0.42724609
0.20043945
0.20190430
0.53320312
0.52148438
0.22705078
0.21118164
0.34130859
0.45458984
0.75683594
0.73632812
0.11877441
0.10565186
0.42236328
0.47827148
0.56591797
0.58251953
0.71142578
0.69921875
0.09216309
0.10565186
0.48632812
0.49926758
0.59912109
0.62451172
0.68554688
0.68994141
0.13684082
0.15100098
0.49218750
0.50927734
0.62109375
0.60449219
0.65625000
0.62841797
0.14904785
0.17443848
0.51611328
0.52099609
0.56445312
0.57080078
0.25756836
0.28564453
0.67285156
0.66894531
0.07965088
0.07824707
0.27587891
0.30688477
0.29394531
0.34399414
0.71923828
0.71240234
0.08636475
0.10131836
0.32739258
0.37866211
0.32617188
0.29809570
0.74218750
0.75927734
0.10528564
0.11779785
0.33056641
0.20214844
0.40966797
0.40991211
0.77294922
0.77929688
0.12707520
0.13342285
0.16369629
0.20690918
0.53076172
0.56738281
0.45971680
0.45214844
0.46191406
0.48925781
0.78564453
0.78222656
0.55566406
0.57275391
0.42578125
0.41259766
0.52636719
0.52099609
0.74462891
0.73974609
0.55957031
0.54150391
0.39501953
0.37573242
0.50634766
0.46557617
0.72314453
0.68457031
0.52880859
0.54980469
0.35375977
0.34423828
0.40161133
0.38452148
0.66308594
0.67041016
0.14660645
0.13684082
0.40283203
0.44042969
0.59765625
0.62109375
0.26367188
0.28808594
0.12512207
0.12609863
0.44335938
0.47900391
0.62011719
0.62695312
0.31811523
0.36621094
0.13293457
0.12707520
0.49169922
0.48901367
0.61914062
0.59912109
0.39892578
0.39257812
0.11975098
0.15307617
0.52587891
0.52148438
0.57421875
0.60351562
0.40893555
0.42114258
0.64501953
0.67578125
0.00000000
0.07965088
0.23779297
0.27856445
0.57031250
0.58642578
0.68994141
0.72802734
0.07965088
0.08300781
0.33837891
0.33276367
0.57226562
0.56445312
0.74316406
0.74853516
0.08636475
0.09075928
0.27880859
0.21191406
0.58447266
0.57421875
0.76464844
0.78662109
0.10290527
0.12805176
0.15637207
0.17785645
0.56884766
0.57324219
0.53955078
0.49975586
0.52050781
0.54345703
0.79443359
0.78710938
0.11798096
0.10626221
0.47900391
0.47607422
0.52246094
0.50830078
0.77294922
0.76611328
0.12707520
0.11975098
0.41723633
0.40649414
0.54003906
0.52978516
0.74560547
0.72216797
0.14562988
0.15295410
0.39721680
0.36865234
0.48437500
0.46240234
0.70214844
0.70703125
0.14221191
0.12756348
0.41381836
0.44262695
0.61132812
0.61718750
0.26538086
0.26879883
0.56787109
0.67919922
0.46118164
0.46191406
0.60400391
0.58105469
0.28662109
0.33325195
0.70996094
0.71826172
0.48144531
0.48046875
0.60205078
0.62695312
0.38793945
0.42114258
0.73046875
0.75000000
0.52783203
0.54199219
0.60156250
0.59863281
0.42358398
0.42309570
0.77001953
0.79296875
0.00000000
0.00000000
0.21582031
0.21569824
0.57324219
0.58447266
0.58789062
0.56542969
0.07965088
0.07965088
0.23498535
0.22937012
0.56347656
0.57275391
0.57275391
0.52978516
0.07965088
0.07965088
0.18029785
0.15441895
0.59082031
0.59863281
0.47509766
0.46533203
0.07965088
0.07965088
0.17895508
0.27099609
0.57568359
0.59326172
0.43481445
0.38232422
0.52783203
0.49511719
0.82226562
0.80224609
0.08398438
0.07965088
0.23449707
0.35888672
0.47924805
0.52783203
0.80517578
0.79785156
0.13293457
0.17822266
0.47802734
0.46313477
0.52636719
0.57031250
0.79589844
0.79736328
0.16613770
0.15002441
0.47216797
0.46850586
0.52197266
0.48779297
0.76464844
0.73925781
0.16174316
0.17053223
0.51171875
0.52978516
0.61230469
0.59179688
0.27758789
0.28662109
0.47436523
0.41967773
0.62353516
0.00000000
0.61962891
0.63134766
0.31103516
0.34619141
0.46508789
0.67333984
0.00000000
0.07965088
0.62011719
0.62353516
0.37451172
0.39868164
0.76220703
0.75390625
0.07965088
0.07965088
0.63037109
0.62402344
0.44262695
0.42578125
0.76953125
0.78417969
0.07965088
0.07965088
0.16809082
0.15344238
0.56835938
0.57373047
0.58447266
0.58593750
0.51220703
0.55908203
0.14904785
0.16271973
0.57714844
0.59179688
0.55078125
0.52929688
0.58007812
0.56835938
0.17285156
0.23815918
0.59863281
0.58349609
0.54687500
0.53710938
0.57568359
0.60058594
0.27954102
0.31127930
0.61474609
0.64013672
0.49267578
0.46704102
0.59033203
0.58105469
0.82373047
0.81640625
0.13586426
0.12316895
0.39770508
0.42211914
0.59716797
0.62109375
0.80175781
0.81347656
0.12475586
0.11499023
0.26220703
0.28515625
0.63330078
0.59814453
0.80761719
0.80957031
0.12805176
0.13928223
0.49072266
0.52148438
0.57617188
0.58251953
0.77587891
0.77490234
0.15637207
0.17443848
0.50390625
0.51757812
0.60156250
0.63037109
0.30859375
0.32153320
0.58300781
0.50830078
0.65429688
0.63574219
0.21459961
0.18896484
0.33129883
0.35424805
0.45605469
0.44726562
0.00000000
0.00000000
0.26586914
0.31738281
0.39184570
0.41894531
0.43334961
0.56933594
0.07965088
0.07965088
0.33374023
0.36669922
0.42944336
0.43725586
0.77783203
0.79052734
0.07965088
0.07965088
0.35522461
0.33227539
0.56835938
0.59619141
0.57373047
0.55468750
0.53417969
0.55761719
0.82373047
0.79394531
0.58642578
0.60205078
0.56787109
0.55371094
0.51416016
0.54736328
0.81640625
0.82910156
0.61035156
0.60546875
0.58300781
0.55664062
0.56103516
0.58007812
0.81689453
0.81933594
0.59082031
0.61621094
0.52490234
0.57958984
0.61865234
0.60595703
0.82519531
0.81884766
0.18078613
0.13354492
0.30786133
0.25195312
0.62500000
0.61230469
0.37426758
0.38916016
0.10229492
0.11779785
0.21472168
0.43896484
0.62500000
0.65039062
0.36669922
0.39794922
0.08538818
0.10327148
0.30566406
0.36352539
0.64599609
0.61132812
0.43408203
0.42041016
0.15197754
0.15979004
0.50146484
0.52880859
0.60986328
0.62011719
0.43188477
0.45312500
0.64160156
0.52783203
0.70556641
0.66894531
0.29443359
0.30468750
0.57080078
0.57470703
0.58691406
0.63623047
0.65917969
0.00000000
0.31616211
0.30859375
0.56298828
0.56884766
0.56347656
0.47631836
0.00000000
0.07965088
0.27050781
0.25097656
0.58544922
0.57812500
0.48876953
0.54541016
0.07965088
0.07965088
0.30908203
0.32617188
0.60595703
0.61035156
0.56591797
0.56005859
0.43481445
0.43774414
0.82080078
0.81982422
0.13928223
0.17004395
0.54980469
0.56445312
0.48730469
0.52392578
0.80664062
0.81835938
0.10626221
0.08636475
0.55517578
0.57666016
0.56396484
0.56396484
0.80078125
0.80810547
0.09356689
0.12036133
0.56982422
0.59033203
0.57324219
0.60693359
0.80273438
0.80664062
0.15100098
0.15344238
0.26293945
0.23364258
0.64794922
0.62500000
0.44262695
0.43359375
0.68652344
0.67529297
0.30883789
0.31762695
0.59521484
0.62451172
0.44091797
0.42285156
0.66552734
0.58447266
0.41821289
0.36035156
0.60595703
0.59765625
0.43261719
0.43530273
0.58300781
0.58398438
0.27880859
0.48730469
0.61376953
0.61669922
0.45336914
0.43994141
0.58447266
0.53125000
0.71875000
0.66992188
0.23876953
0.28369141
0.55810547
0.60107422
0.56835938
0.58642578
0.67773438
0.66845703
0.34301758
0.34008789
0.58203125
0.57714844
0.54443359
0.54052734
0.00000000
0.00000000
0.34179688
0.37060547
0.55126953
0.59570312
0.56591797
0.54589844
0.07965088
0.07965088
0.32934570
0.29125977
0.62841797
0.59667969
0.53564453
0.57470703
0.41577148
0.39819336
0.82519531
0.80322266
0.12707520
0.14221191
0.34228516
0.33154297
0.47387695
0.50634766
0.81689453
0.81054688
0.13146973
0.11877441
0.31860352
0.35156250
0.53125000
0.55371094
0.81347656
0.81982422
0.10424805
0.10565186
0.37646484
0.40014648
0.59326172
0.58056641
0.82275391
0.79785156
0.14428711
0.14904785
0.39941406
0.27294922
0.61572266
0.63476562
0.51855469
0.48950195
0.58984375
0.62988281
0.72949219
0.69726562
0.61718750
0.62255859
0.48779297
0.47192383
0.71923828
0.68652344
0.68847656
0.66064453
0.59570312
0.60595703
0.45214844
0.44799805
0.61572266
0.62402344
0.67431641
0.00000000
0.62988281
0.63183594
0.43994141
0.41186523
0.68017578
0.61865234
0.00000000
0.09655762
0.16369629
0.16174316
0.49218750
0.49291992
0.57080078
0.56591797
0.37597656
0.37573242
0.15209961
0.11840820
0.55322266
0.57324219
0.53027344
0.55859375
0.44580078
0.43896484
0.13793945
0.23962402
0.61669922
0.61230469
0.52148438
0.54541016
0.44946289
0.45214844
0.27124023
0.26245117
0.59619141
0.58593750
0.54785156
0.57031250
0.49462891
0.50976562
0.50732422
0.52441406
0.13244629
0.16064453
0.19384766
0.33422852
0.53466797
0.59423828
0.77783203
0.86083984
0.19909668
0.15002441
0.35180664
0.35302734
0.61376953
0.64160156
0.83984375
0.80078125
0.14758301
0.13586426
0.33715820
0.34692383
0.61181641
0.59130859
0.80126953
0.79980469
0.13391113
0.13928223
0.31933594
0.27807617
0.61865234
0.59814453
0.53759766
0.51367188
0.59423828
0.60742188
0.77197266
0.74609375
0.21069336
0.23010254
0.52197266
0.55371094
0.64013672
0.64550781
0.72167969
0.70507812
0.25292969
0.25781250
0.53564453
0.52294922
0.61181641
0.64257812
0.68457031
0.65332031
0.24060059
0.18408203
0.47680664
0.48681641
0.66308594
0.65576172
0.00000000
0.00000000
0.11346436
0.10626221
0.37939453
0.41381836
0.60302734
0.59130859
0.37133789
0.35864258
0.57617188
0.56347656
0.53271484
0.53808594
0.59277344
0.57373047
0.38671875
0.37768555
0.51953125
0.46777344
0.55517578
0.57666016
0.55761719
0.54248047
0.42724609
0.46313477
0.70507812
0.84423828
0.59277344
0.60546875
0.50732422
0.54150391
0.47265625
0.44677734
0.82275391
0.80029297
0.10583496
0.12951660
0.28295898
0.26000977
0.63574219
0.65039062
0.52685547
0.53222656
0.14562988
0.19726562
0.28222656
0.29614258
0.62060547
0.64062500
0.56250000
0.55712891
0.17248535
0.15295410
0.29077148
0.29125977
0.65722656
0.63476562
0.57910156
0.54394531
0.13928223
0.13928223
0.29833984
0.32299805
0.64160156
0.59667969
0.50146484
0.46728516
0.13928223
0.16674805
0.54589844
0.60107422
0.00000000
0.00000000
0.20751953
0.25585938
0.21374512
0.29003906
0.60400391
0.62451172
0.15002441
0.12854004
0.26562500
0.27343750
0.34521484
0.32519531
0.65039062
0.67089844
0.12805176
0.12432861
0.28759766
0.33300781
0.32812500
0.33398438
0.68994141
0.69628906
0.07861328
0.08776855
0.35498047
0.37255859
0.52636719
0.52246094
0.38330078
0.34741211
0.42700195
0.39355469
0.74853516
0.75439453
0.52587891
0.53076172
0.30493164
0.27978516
0.43090820
0.48657227
0.74560547
0.72412109
0.53417969
0.52490234
0.24108887
0.19348145
0.44848633
0.39086914
0.69189453
0.66259766
0.50976562
0.50195312
0.19311523
0.13891602
0.34594727
0.35961914
0.66992188
0.69140625
0.07965088
0.08636475
0.29614258
0.37646484
0.49487305
0.49877930
0.15808105
0.20617676
0.08062744
0.08062744
0.39697266
0.41699219
0.48364258
0.50390625
0.25439453
0.28564453
0.08636475
0.09515381
0.41821289
0.46508789
0.50634766
0.56445312
0.31982422
0.33398438
0.08062744
0.08978271
0.48535156
0.48852539
0.57861328
0.57714844
0.31250000
0.32592773
0.49829102
0.59130859
0.61669922
0.00000000
0.17883301
0.23376465
0.54638672
0.53710938
0.60351562
0.61962891
0.00000000
0.08099365
0.28271484
0.27807617
0.52246094
0.52587891
0.65136719
0.65039062
0.10626221
0.09515381
0.30468750
0.36865234
0.55078125
0.52832031
0.68652344
0.68359375
0.10961914
0.08978271
0.37524414
0.33422852
0.53417969
0.54833984
0.54248047
0.51953125
0.39135742
0.44384766
0.76123047
0.74707031
0.12609863
0.14318848
0.48486328
0.46630859
0.41088867
0.38281250
0.75244141
0.74853516
0.11303711
0.09655762
0.41381836
0.36157227
0.43408203
0.43798828
0.74267578
0.71679688
0.10229492
0.10668945
0.33105469
0.30395508
0.42529297
0.48754883
0.70410156
0.68164062
0.09112549
0.09216309
0.30151367
0.33618164
0.52587891
0.53076172
0.21166992
0.18920898
0.56152344
0.58496094
0.39013672
0.39941406
0.51904297
0.54052734
0.19494629
0.23107910
0.62060547
0.64794922
0.38061523
0.44921875
0.57617188
0.60058594
0.28564453
0.29003906
0.66113281
0.65185547
0.48120117
0.49584961
0.57763672
0.60058594
0.30639648
0.32568359
0.69775391
0.71484375
0.61865234
0.60449219
0.18566895
0.23876953
0.53369141
0.52392578
0.57373047
0.58300781
0.00000000
0.00000000
0.24890137
0.26049805
0.54931641
0.52539062
0.57177734
0.51855469
0.08636475
0.08978271
0.28735352
0.32495117
0.52832031
0.55322266
0.46923828
0.43139648
0.07965088
0.08062744
0.31762695
0.35180664
0.54785156
0.54638672
0.39306641
0.36840820
0.43359375
0.43310547
0.76708984
0.75195312
0.08978271
0.11401367
0.31909180
0.35107422
0.45581055
0.47778320
0.76464844
0.78857422
0.12512207
0.09649658
0.40429688
0.36767578
0.43164062
0.51074219
0.77880859
0.75488281
0.09753418
0.12219238
0.38989258
0.43676758
0.50292969
0.47070312
0.72802734
0.70556641
0.12609863
0.12469482
0.45263672
0.47558594
0.56787109
0.54638672
0.31420898
0.27856445
0.39453125
0.51953125
0.65185547
0.62939453
0.53955078
0.56738281
0.23852539
0.23229980
0.64501953
0.62890625
0.62451172
0.00000000
0.57275391
0.58740234
0.23791504
0.26269531
0.65527344
0.66845703
0.00000000
0.07965088
0.62402344
0.61767578
0.28051758
0.31713867
0.67285156
0.71728516
0.07965088
0.08538818
0.18420410
0.23400879
0.51904297
0.51757812
0.59423828
0.58154297
0.40014648
0.37744141
0.26440430
0.26831055
0.54638672
0.55224609
0.56152344
0.53710938
0.39819336
0.47753906
0.24951172
0.27026367
0.55273438
0.57470703
0.51757812
0.49121094
0.50634766
0.51611328
0.33422852
0.36621094
0.57080078
0.53173828
0.47436523
0.46826172
0.48510742
0.50830078
0.78466797
0.78027344
0.09552002
0.08300781
0.27294922
0.33300781
0.59423828
0.58642578
0.78564453
0.79003906
0.10662842
0.09216309
0.38549805
0.36938477
0.58007812
0.60839844
0.78564453
0.77587891
0.10247803
0.13549805
0.37597656
0.41210938
0.61376953
0.63134766
0.78222656
0.75927734
0.13146973
0.12707520
0.44555664
0.47705078
0.60498047
0.59912109
0.33227539
0.29199219
0.44311523
0.47656250
0.67187500
0.65087891
0.13586426
0.21557617
0.24462891
0.25903320
0.41894531
0.49877930
0.63720703
0.62451172
0.25024414
0.24890137
0.25561523
0.25463867
0.65820312
0.66406250
0.00000000
0.00000000
0.23315430
0.23413086
0.26928711
0.32519531
0.67724609
0.68798828
0.07965088
0.07965088
0.26928711
0.31933594
0.53320312
0.53710938
0.62597656
0.62744141
0.45068359
0.41088867
0.78710938
0.81884766
0.54492188
0.56250000
0.59521484
0.57226562
0.40307617
0.40600586
0.81542969
0.79394531
0.55517578
0.56005859
0.56542969
0.54052734
0.43383789
0.48706055
0.80664062
0.80371094
0.57617188
0.57080078
0.52783203
0.48657227
0.52783203
0.54638672
0.79785156
0.78808594
0.08636475
0.08398438
0.31152344
0.30517578
0.56933594
0.58154297
0.36181641
0.30126953
0.08679199
0.10864258
0.27954102
0.18298340
0.58300781
0.60937500
0.28540039
0.27978516
0.09411621
0.08874512
0.32983398
0.45434570
0.61035156
0.58691406
0.26196289
0.25854492
0.11157227
0.13049316
0.44311523
0.46411133
0.62988281
0.62207031
0.28637695
0.33691406
0.53076172
0.56152344
0.70947266
0.66259766
0.15100098
0.12951660
0.54199219
0.55712891
0.51953125
0.48022461
0.64550781
0.65234375
0.14465332
0.20605469
0.54492188
0.53271484
0.45043945
0.43725586
0.63427734
0.00000000
0.20715332
0.19445801
0.55078125
0.59814453
0.60546875
0.72705078
0.00000000
0.07965088
0.24584961
0.19482422
0.58935547
0.58056641
0.60986328
0.60986328
0.42993164
0.42700195
0.80322266
0.81787109
0.07965088
0.07965088
0.60205078
0.58544922
0.51416016
0.53759766
0.82714844
0.82128906
0.10766602
0.11877441
0.57031250
0.60107422
0.54638672
0.58154297
0.82324219
0.81201172
0.09753418
0.09515381
0.57910156
0.52294922
0.57958984
0.54101562
0.80419922
0.82470703
0.12274170
0.16271973
0.29565430
0.31347656
0.61718750
0.63964844
0.40405273
0.36962891
0.57177734
0.53271484
0.36718750
0.39086914
0.62841797
0.59716797
0.35009766
0.28955078
0.52636719
0.57470703
0.40551758
0.33862305
0.63574219
0.63574219
0.27905273
0.28979492
0.54541016
0.47290039
0.23596191
0.42553711
0.63134766
0.64257812
0.32324219
0.33959961
0.46582031
0.41577148
0.72998047
0.70751953
0.15490723
0.20678711
0.53662109
0.55810547
0.58105469
0.60205078
0.68408203
0.68164062
0.25927734
0.20654297
0.53759766
0.55615234
0.61328125
0.59765625
0.67431641
0.63867188
0.14855957
0.19812012
0.58837891
0.57519531
0.57568359
0.55908203
0.00000000
0.00000000
0.26147461
0.27075195
0.58105469
0.59667969
0.58837891
0.57128906
0.45556641
0.44238281
0.80664062
0.81933594
0.07965088
0.07861328
0.32080078
0.31250000
0.42895508
0.48583984
0.80761719
0.82373047
0.08398438
0.14221191
0.34130859
0.30029297
0.50000000
0.51708984
0.82519531
0.81250000
0.17150879
0.13928223
0.27490234
0.32641602
0.55371094
0.56250000
0.80859375
0.80175781
0.08776855
0.09655762
0.32519531
0.37426758
0.60742188
0.59960938
0.50244141
0.42114258
0.61669922
0.58984375
0.78417969
0.75292969
0.61962891
0.60009766
0.38525391
0.38061523
0.53466797
0.62548828
0.72460938
0.71191406
0.62158203
0.58398438
0.35302734
0.33325195
0.66162109
0.55615234
0.69042969
0.66601562
0.61181641
0.61572266
0.33911133
0.35400391
0.55078125
0.55712891
0.62304688
0.00000000
0.16918945
0.16955566
0.53369141
0.51904297
0.58935547
0.61474609
0.45581055
0.42138672
0.23144531
0.25463867
0.49072266
0.53564453
0.59814453
0.59179688
0.44897461
0.44262695
0.27734375
0.29174805
0.55712891
0.58740234
0.55664062
0.55273438
0.41845703
0.45385742
0.23950195
0.20080566
0.59228516
0.59130859
0.59179688
0.56640625
0.52294922
0.49902344
0.69189453
0.80419922
0.07965088
0.08062744
0.31884766
0.31860352
0.59912109
0.59863281
0.81445312
0.81250000
0.08978271
0.10186768
0.28881836
0.30566406
0.61328125
0.61914062
0.82421875
0.80761719
0.15734863
0.16809082
0.37548828
0.31298828
0.61132812
0.63427734
0.82470703
0.82128906
0.13488770
0.11242676
0.22570801
0.25024414
0.61816406
0.60888672
0.56787109
0.50390625
0.61083984
0.61132812
0.78759766
0.77392578
0.16711426
0.17980957
0.48071289
0.45068359
0.60937500
0.61132812
0.76318359
0.72998047
0.21191406
0.24755859
0.42993164
0.39086914
0.63232422
0.64697266
0.70312500
0.69873047
0.28662109
0.30224609
0.40332031
0.41870117
0.57861328
0.63574219
0.68798828
0.66357422
0.30517578
0.32983398
0.51416016
0.50146484
0.58105469
0.58691406
0.43310547
0.42602539
0.55517578
0.54687500
0.53173828
0.55224609
0.59570312
0.58251953
0.43017578
0.44799805
0.60351562
0.81396484
0.55664062
0.59033203
0.55224609
0.59277344
0.39624023
0.44189453
0.82031250
0.80908203
0.57324219
0.54785156
0.54394531
0.52490234
0.46142578
0.47387695
0.79785156
0.82128906
0.07965088
0.07965088
0.31518555
0.31030273
0.61669922
0.61279297
0.53271484
0.52783203
0.08062744
0.07965088
0.32568359
0.31494141
0.60302734
0.60986328
0.51025391
0.49780273
0.10229492
0.13684082
0.25903320
0.25830078
0.61914062
0.62158203
0.50244141
0.47363281
0.14318848
0.09851074
0.33740234
0.35717773
0.60449219
0.59228516
0.46166992
0.45971680
0.56689453
0.55664062
0.80712891
0.80566406
0.11401367
0.08776855
0.38964844
0.41308594
0.55712891
0.57617188
0.78027344
0.76123047
0.13452148
0.16650391
0.45043945
0.53808594
0.60888672
0.68945312
0.73144531
0.69677734
0.14221191
0.11645508
0.58496094
0.52050781
0.71337891
0.68310547
0.68847656
0.67724609
0.14758301
0.21459961
0.56250000
0.57128906
0.61669922
0.62744141
0.35961914
0.38085938
0.56103516
0.60400391
0.08099365
0.07965088
0.58837891
0.55273438
0.39306641
0.37548828
0.56640625
0.49804688
0.07861328
0.08978271
0.55322266
0.56347656
0.41015625
0.38964844
0.52636719
0.69091797
0.11676025
0.15100098
0.54882812
0.57812500
0.36450195
0.43920898
0.82958984
0.83935547
0.16516113
0.13488770
0.17187500
0.08978271
0.58593750
0.60839844
0.58935547
0.54492188
0.50048828
0.50146484
0.18029785
0.13452148
0.61962891
0.62841797
0.53906250
0.52929688
0.53222656
0.57910156
0.23779297
0.34545898
0.60937500
0.61523438
0.53173828
0.51171875
0.61718750
0.60644531
0.33813477
0.31933594
0.63281250
0.63818359
0.50683594
0.51367188
0.62402344
0.66699219
0.82617188
0.78710938
0.12469482
0.15197754
0.26464844
0.39404297
0.60937500
0.60888672
0.79101562
0.78173828
0.16516113
0.17150879
0.46899414
0.44824219
0.58789062
0.60791016
0.74316406
0.74316406
0.15881348
0.16516113
0.35522461
0.41113281
0.58691406
0.57128906
0.71484375
0.70751953
0.19470215
0.18872070
0.51220703
0.56494141
0.56103516
0.54931641
0.46240234
0.46679688
0.64648438
0.65722656
0.07965088
0.09411621
0.22998047
0.13854980
0.43383789
0.39916992
0.63476562
0.56591797
0.08978271
0.07965088
0.13549805
0.25048828
0.35253906
0.35937500
0.52734375
0.52148438
0.09851074
0.12707520
0.28906250
0.25415039
0.38232422
0.42773438
0.49584961
0.61376953
0.15002441
0.21850586
0.32958984
0.36621094
0.60009766
0.60400391
0.54150391
0.50976562
0.43798828
0.46069336
0.79833984
0.81005859
0.61669922
0.61230469
0.51953125
0.55078125
0.48852539
0.52929688
0.79736328
0.79443359
0.63720703
0.62353516
0.53759766
0.53222656
0.56787109
0.61474609
0.78173828
0.76123047
0.61425781
0.62988281
0.53613281
0.56201172
0.62841797
0.62402344
0.74169922
0.72167969
0.13830566
0.12310791
0.28027344
0.26196289
0.59082031
0.60888672
0.44824219
0.42309570
0.16076660
0.21093750
0.38867188
0.38159180
0.61865234
0.62255859
0.45507812
0.41894531
0.21435547
0.19824219
0.42773438
0.39794922
0.60644531
0.60693359
0.36230469
0.37768555
0.23413086
0.24255371
0.48315430
0.54394531
0.62158203
0.58837891
0.38208008
0.35864258
0.34936523
0.00000000
0.68945312
0.00000000
0.08538818
0.00000000
0.39672852
0.00000000
0.00000000
0.00000000
0.00000000
0.00000000
0.00000000
0.00000000
0.00000000
0.00000000
0.00000000
0.00000000
0.00000000
0.00000000
0.00000000
0.00000000
0.00000000
0.00000000
0.00000000
0.00000000
0.00000000
0.00000000
0.00000000
0.00000000
0.00000000
0.00000000
0.51074219
0.00000000
0.12036133
0.00000000
0.35229492
0.00000000
0.64697266
0.00000000
0.00000000
0.00000000
0.00000000
0.00000000
0.00000000
0.00000000
0.00000000
0.00000000
0.00000000
0.00000000
0.00000000
0.00000000
0.00000000
0.00000000
0.00000000
0.00000000
0.00000000
0.00000000
0.00000000
0.00000000
0.00000000
0.00000000
0.00000000
0.00000000
0.12176514
0.00000000
0.45825195
0.00000000
0.54248047
0.00000000
0.36865234
0.00000000
0.00000000
0.00000000
0.00000000
0.00000000
0.00000000
0.00000000
0.00000000
0.00000000
0.00000000
0.00000000
0.00000000
0.00000000
0.00000000
0.00000000
0.00000000
0.00000000
0.00000000
0.00000000
0.00000000
0.00000000
0.00000000
0.00000000
0.00000000
0.00000000
0.72949219
0.00000000
0.11065674
0.00000000
0.35107422
0.00000000
0.52880859
0.00000000
0.00000000
0.00000000
0.00000000
0.00000000
0.00000000
0.00000000
0.00000000
0.00000000
0.00000000
0.00000000
0.00000000
0.00000000
0.00000000
0.00000000
0.00000000
0.00000000
0.00000000
0.00000000
0.00000000
0.00000000
0.00000000
0.00000000
0.00000000
0.00000000
0.28955078
0.00000000
0.46997070
0.00000000
0.68310547
0.00000000
0.09991455
0.00000000
0.00000000
0.00000000
0.00000000
0.00000000
0.00000000
0.00000000
0.00000000
0.00000000
0.00000000
0.00000000
0.00000000
0.00000000
0.00000000
0.00000000
0.00000000
0.00000000
0.00000000
0.00000000
0.00000000
0.00000000
0.00000000
0.00000000
0.00000000
0.00000000
0.50146484
0.00000000
0.60791016
0.00000000
0.36083984
0.00000000
0.72021484
0.00000000
0.00000000
0.00000000
0.00000000
0.00000000
0.00000000
0.00000000
0.00000000
0.00000000
0.00000000
0.00000000
0.00000000
0.00000000
0.00000000
0.00000000
0.00000000
0.00000000
0.00000000
0.00000000
0.00000000
0.00000000
0.00000000
0.00000000
0.00000000
0.00000000
0.08099365
0.00000000
0.38745117
0.00000000
0.53808594
0.00000000
0.34301758
0.00000000
0.00000000
0.00000000
0.00000000
0.00000000
0.00000000
0.00000000
0.00000000
0.00000000
0.00000000
0.00000000
0.00000000
0.00000000
0.00000000
0.00000000
0.00000000
0.00000000
0.00000000
0.00000000
0.00000000
0.00000000
0.00000000
0.00000000
0.00000000
0.00000000
0.42358398
0.00000000
0.70751953
0.00000000
0.13684082
0.00000000
0.50146484
0.00000000
0.00000000
0.00000000
0.00000000
0.00000000
0.00000000
0.00000000
0.00000000
0.00000000
0.00000000
0.00000000
0.00000000
0.00000000
0.00000000
0.00000000
0.00000000
0.00000000
0.00000000
0.00000000
0.00000000
0.00000000
0.00000000
0.00000000
0.00000000
0.00000000
0.61767578
0.00000000
0.37207031
0.00000000
0.73974609
0.00000000
0.10089111
0.00000000
0.00000000
0.00000000
0.00000000
0.00000000
0.00000000
0.00000000
0.00000000
0.00000000
0.00000000
0.00000000
0.00000000
0.00000000
0.00000000
0.00000000
0.00000000
0.00000000
0.00000000
0.00000000
0.00000000
0.00000000
0.00000000
0.00000000
0.00000000
0.00000000
0.37939453
0.00000000
0.56933594
0.00000000
0.42456055
0.00000000
0.51953125
0.00000000
0.00000000
0.00000000
0.00000000
0.00000000
0.00000000
0.00000000
0.00000000
0.00000000
0.00000000
0.00000000
0.00000000
0.00000000
0.00000000
0.00000000
0.00000000
0.00000000
0.00000000
0.00000000
0.00000000
0.00000000
0.00000000
0.00000000
0.00000000
0.00000000
0.75537109
0.00000000
0.12805176
0.00000000
0.46728516
0.00000000
0.62255859
0.00000000
0.00000000
0.00000000
0.00000000
0.00000000
0.00000000
0.00000000
0.00000000
0.00000000
0.00000000
0.00000000
0.00000000
0.00000000
0.00000000
0.00000000
0.00000000
0.00000000
0.00000000
0.00000000
0.00000000
0.00000000
0.00000000
0.00000000
0.00000000
0.00000000
0.37426758
0.00000000
0.71044922
0.00000000
0.07965088
0.00000000
0.28076172
0.00000000
0.00000000
0.00000000
0.00000000
0.00000000
0.00000000
0.00000000
0.00000000
0.00000000
0.00000000
0.00000000
0.00000000
0.00000000
0.00000000
0.00000000
0.00000000
0.00000000
0.00000000
0.00000000
0.00000000
0.00000000
0.00000000
0.00000000
0.00000000
0.00000000
0.56103516
0.00000000
0.46435547
0.00000000
0.57226562
0.00000000
0.77783203
0.00000000
0.00000000
0.00000000
0.00000000
0.00000000
0.00000000
0.00000000
0.00000000
0.00000000
0.00000000
0.00000000
0.00000000
0.00000000
0.00000000
0.00000000
0.00000000
0.00000000
0.00000000
0.00000000
0.00000000
0.00000000
0.00000000
0.00000000
0.00000000
0.00000000
0.13781738
0.00000000
0.47485352
0.00000000
0.59521484
0.00000000
0.35449219
0.00000000
0.00000000
0.00000000
0.00000000
0.00000000
0.00000000
0.00000000
0.00000000
0.00000000
0.00000000
0.00000000
0.00000000
0.00000000
0.00000000
0.00000000
0.00000000
0.00000000
0.00000000
0.00000000
0.00000000
0.00000000
0.00000000
0.00000000
0.00000000
0.00000000
0.73974609
0.00000000
0.07965088
0.00000000
0.14025879
0.00000000
0.60009766
0.00000000
0.00000000
0.00000000
0.00000000
0.00000000
0.00000000
0.00000000
0.00000000
0.00000000
0.00000000
0.00000000
0.00000000
0.00000000
0.00000000
0.00000000
0.00000000
0.00000000
0.00000000
0.00000000
0.00000000
0.00000000
0.00000000
0.00000000
0.00000000
0.00000000
0.51416016
0.00000000
0.54589844
0.00000000
0.81689453
0.00000000
0.16906738
0.00000000
0.00000000
0.00000000
0.00000000
0.00000000
0.00000000
0.00000000
0.00000000
0.00000000
0.00000000
0.00000000
0.00000000
0.00000000
0.00000000
0.00000000
0.00000000
0.00000000
0.00000000
0.00000000
0.00000000
0.00000000
0.00000000
0.00000000
0.00000000
0.00000000
0.47656250
0.00000000
0.60986328
0.00000000
0.36962891
0.00000000
0.49877930
0.00000000
0.00000000
0.00000000
0.00000000
0.00000000
0.00000000
0.00000000
0.00000000
0.00000000
0.00000000
0.00000000
0.00000000
0.00000000
0.00000000
0.00000000
0.00000000
0.00000000
0.00000000
0.00000000
0.00000000
0.00000000
0.00000000
0.00000000
0.00000000
0.00000000
0.07965088
0.00000000
0.30908203
0.00000000
0.59814453
0.00000000
0.58740234
0.00000000
0.00000000
0.00000000
0.00000000
0.00000000
0.00000000
0.00000000
0.00000000
0.00000000
0.00000000
0.00000000
0.00000000
0.00000000
0.00000000
0.00000000
0.00000000
0.00000000
0.00000000
0.00000000
0.00000000
0.00000000
0.00000000
0.00000000
0.00000000
0.00000000
0.57666016
0.00000000
0.82031250
0.00000000
0.08538818
0.00000000
0.23693848
0.00000000
0.00000000
0.00000000
0.00000000
0.00000000
0.00000000
0.00000000
0.00000000
0.00000000
0.00000000
0.00000000
0.00000000
0.00000000
0.00000000
0.00000000
0.00000000
0.00000000
0.00000000
0.00000000
0.00000000
0.00000000
0.00000000
0.00000000
0.00000000
0.00000000
0.60888672
0.00000000
0.36376953
0.00000000
0.50146484
0.00000000
0.00000000
0.00000000
0.00000000
0.00000000
0.00000000
0.00000000
0.00000000
0.00000000
0.00000000
0.00000000
0.00000000
0.00000000
0.00000000
0.00000000
0.00000000
0.00000000
0.00000000
0.00000000
0.00000000
0.00000000
0.00000000
0.00000000
0.00000000
0.00000000
0.00000000
0.00000000
0.25708008
0.00000000
0.56396484
0.00000000
0.55224609
0.00000000
0.52148438
0.00000000
0.00000000
0.00000000
0.00000000
0.00000000
0.00000000
0.00000000
0.00000000
0.00000000
0.00000000
0.00000000
0.00000000
0.00000000
0.00000000
0.00000000
0.00000000
0.00000000
0.00000000
0.00000000
0.00000000
0.00000000
0.00000000
0.00000000
0.00000000
0.00000000
0.81445312
0.00000000
0.11346436
0.00000000
0.35864258
0.00000000
0.60937500
0.00000000
0.00000000
0.00000000
0.00000000
0.00000000
0.00000000
0.00000000
0.00000000
0.00000000
0.00000000
0.00000000
0.00000000
0.00000000
0.00000000
0.00000000
0.00000000
0.00000000
0.00000000
0.00000000
0.00000000
0.00000000
0.00000000
0.00000000
0.00000000
0.00000000
0.42211914
0.00000000
0.64648438
0.00000000
0.00000000
0.00000000
0.35034180
0.00000000
0.00000000
0.00000000
0.00000000
0.00000000
0.00000000
0.00000000
0.00000000
0.00000000
0.00000000
0.00000000
0.00000000
0.00000000
0.00000000
0.00000000
0.00000000
0.00000000
0.00000000
0.00000000
0.00000000
0.00000000
0.00000000
0.00000000
0.00000000
0.00000000
0.56738281
0.00000000
0.54443359
0.00000000
0.51855469
0.00000000
0.80566406
0.00000000
0.00000000
0.00000000
0.00000000
0.00000000
0.00000000
0.00000000
0.00000000
0.00000000
0.00000000
0.00000000
0.00000000
0.00000000
0.00000000
0.00000000
0.00000000
0.00000000
0.00000000
0.00000000
0.00000000
0.00000000
0.00000000
0.00000000
0.00000000
0.00000000
0.09515381
0.00000000
0.35424805
0.00000000
0.59765625
0.00000000
0.45727539
0.00000000
0.00000000
0.00000000
0.00000000
0.00000000
0.00000000
0.00000000
0.00000000
0.00000000
0.00000000
0.00000000
0.00000000
0.00000000
0.00000000
0.00000000
0.00000000
0.00000000
0.00000000
0.00000000
0.00000000
0.00000000
0.00000000
0.00000000
0.00000000
0.00000000
0.58544922
0.00000000
0.64990234
0.00000000
0.28808594
0.00000000
0.59277344
0.00000000
0.00000000
0.00000000
0.00000000
0.00000000
0.00000000
0.00000000
0.00000000
0.00000000
0.00000000
0.00000000
0.00000000
0.00000000
0.00000000
0.00000000
0.00000000
0.00000000
0.00000000
0.00000000
0.00000000
0.00000000
0.00000000
0.00000000
0.00000000
0.00000000
0.52392578
0.00000000
0.49145508
0.00000000
0.83154297
0.00000000
0.13928223
0.00000000
0.00000000
0.00000000
0.00000000
0.00000000
0.00000000
0.00000000
0.00000000
0.00000000
0.00000000
0.00000000
0.00000000
0.00000000
0.00000000
0.00000000
0.00000000
0.00000000
0.00000000
0.00000000
0.00000000
0.00000000
0.00000000
0.00000000
0.00000000
0.00000000
0.28637695
0.00000000
0.63134766
0.00000000
0.50341797
0.00000000
0.64160156
0.00000000
0.00000000
0.00000000
0.00000000
0.00000000
0.00000000
0.00000000
0.00000000
0.00000000
0.00000000
0.00000000
0.00000000
0.00000000
0.00000000
0.00000000
0.00000000
0.00000000
0.00000000
0.00000000
0.00000000
0.00000000
0.00000000
0.00000000
0.00000000
0.00000000
0.68457031
0.00000000
0.16040039
0.00000000
0.55615234
0.00000000
0.53662109
0.00000000
0.00000000
0.00000000
0.00000000
0.00000000
0.00000000
0.00000000
0.00000000
0.00000000
0.00000000
0.00000000
0.00000000
0.00000000
0.00000000
0.00000000
0.00000000
0.00000000
0.00000000
0.00000000
0.00000000
0.00000000
0.00000000
0.00000000
0.00000000
0.00000000
0.43383789
0.00000000
0.83203125
0.00000000
0.16845703
0.00000000
0.37158203
0.00000000
0.00000000
0.00000000
0.00000000
0.00000000
0.00000000
0.00000000
0.00000000
0.00000000
0.00000000
0.00000000
0.00000000
0.00000000
0.00000000
0.00000000
0.00000000
0.00000000
0.00000000
0.00000000
0.00000000
0.00000000
0.00000000
0.00000000
0.00000000
0.00000000
0.65771484
0.00000000
0.54980469
0.00000000
0.62695312
0.00000000
0.69970703
0.00000000
0.00000000
0.00000000
0.00000000
0.00000000
0.00000000
0.00000000
0.00000000
0.00000000
0.00000000
0.00000000
0.00000000
0.00000000
0.00000000
0.00000000
0.00000000
0.00000000
0.00000000
0.00000000
0.00000000
0.00000000
0.00000000
0.00000000
0.00000000
0.00000000
0.25048828
0.00000000
0.52539062
0.00000000
0.57958984
0.00000000
0.36303711
0.00000000
0.00000000
0.00000000
0.00000000
0.00000000
0.00000000
0.00000000
0.00000000
0.00000000
0.00000000
0.00000000
0.00000000
0.00000000
0.00000000
0.00000000
0.00000000
0.00000000
0.00000000
0.00000000
0.00000000
0.00000000
0.00000000
0.00000000
0.00000000
0.00000000
