0.52050781
0.56250000
0.56347656
0.54882812
0.38964844
0.36450195
0.69091797
0.82958984
0.57128906
0.59277344
0.57812500
0.52392578
0.43920898
0.49145508
0.83935547
0.83154297
0.60888672
0.61523438
0.55273438
0.54833984
0.50390625
0.52929688
0.82861328
0.82031250
0.60351562
0.58837891
0.54052734
0.56494141
0.55371094
0.54003906
0.82470703
0.79785156
0.15100098
0.16516113
0.34545898
0.33813477
0.61523438
0.63281250
0.51171875
0.50683594
0.13488770
0.13928223
0.31933594
0.28637695
0.63818359
0.63134766
0.51367188
0.50341797
0.12805176
0.11437988
0.30151367
0.31225586
0.58544922
0.63378906
0.47363281
0.45605469
0.10864258
0.09454346
0.36010742
0.28393555
0.59716797
0.60156250
0.44726562
0.43408203
0.60644531
0.62402344
0.74316406
0.71484375
0.16516113
0.19470215
0.41113281
0.51220703
0.66699219
0.64160156
0.70751953
0.68457031
0.18872070
0.16040039
0.56494141
0.55615234
0.62890625
0.62207031
0.66796875
0.65722656
0.11840820
0.09655762
0.59082031
0.60107422
0.65527344
0.62158203
0.61767578
0.08636475
0.19506836
0.27636719
0.59570312
0.60156250
0.57128906
0.56103516
0.35937500
0.38232422
0.52148438
0.49584961
0.12707520
0.15002441
0.54931641
0.53662109
0.42773438
0.43383789
0.61376953
0.83203125
0.21850586
0.16845703
0.55859375
0.57666016
0.45166016
0.49414062
0.83642578
0.81542969
0.14270020
0.14904785
0.58300781
0.58349609
0.46899414
0.47363281
0.81542969
0.81054688
0.15197754
0.14025879
0.25415039
0.32958984
0.62353516
0.61425781
0.53222656
0.53613281
0.61474609
0.62841797
0.36621094
0.37158203
0.62988281
0.65771484
0.56201172
0.54980469
0.62402344
0.62695312
0.35229492
0.38403320
0.63818359
0.63916016
0.55712891
0.52441406
0.60351562
0.64111328
0.37890625
0.26782227
0.61669922
0.60449219
0.47973633
0.46704102
0.64648438
0.64843750
0.76123047
0.74169922
0.19824219
0.23413086
0.39794922
0.48315430
0.60693359
0.62158203
0.72167969
0.69970703
0.24255371
0.25048828
0.54394531
0.52539062
0.58837891
0.57958984
0.67236328
0.66162109
0.25488281
0.24304199
0.56640625
0.57617188
0.58789062
0.54296875
0.64892578
0.61279297
0.17395020
0.11340332
0.59716797
0.61669922
0.52197266
0.53662109
0.37768555
0.38208008
0.58984375
0.54882812
0.11199951
0.12078857
0.23681641
0.20178223
0.35864258
0.36303711
0.53271484
0.44433594
0.14953613
0.19323730
0.22375488
0.24731445
0.41455078
0.43115234
0.53759766
0.78955078
0.18762207
0.17150879
0.27075195
0.24182129
0.43554688
0.41308594
0.82812500
0.80859375
0.15002441
0.13684082
0.28564453
0.28613281
0.64697266
0.62988281
0.57617188
0.58349609
0.65917969
0.66503906
0.76708984
0.77441406
0.64550781
0.65283203
0.59375000
0.57714844
0.67089844
0.68505859
0.76464844
0.72753906
0.63623047
0.64892578
0.56689453
0.55517578
0.65966797
0.64746094
0.69189453
0.68701172
0.62255859
0.58886719
0.54882812
0.52539062
0.64404297
0.64160156
0.68408203
0.63867188
0.22644043
0.20788574
0.47070312
0.47045898
0.62988281
0.62158203
0.42602539
0.40551758
0.23107910
0.23913574
0.50341797
0.53417969
0.58837891
0.58349609
0.38549805
0.37841797
0.26928711
0.28027344
0.53515625
0.56347656
0.59570312
0.58349609
0.40771484
0.38208008
0.26733398
0.27294922
0.58984375
0.58007812
0.56494141
0.56005859
0.39770508
0.38574219
0.59375000
0.53613281
0.15197754
0.11004639
0.28295898
0.26928711
0.63183594
0.64697266
0.50439453
0.46899414
0.12274170
0.14123535
0.23925781
0.19104004
0.65673828
0.66796875
0.42529297
0.39990234
0.17346191
0.15637207
0.34350586
0.37036133
0.65039062
0.63330078
0.63525391
0.82568359
0.15539551
0.16076660
0.33520508
0.35473633
0.63623047
0.65087891
0.61669922
0.59619141
0.76171875
0.73535156
0.77099609
0.77001953
0.23754883
0.27685547
0.54931641
0.55859375
0.72656250
0.70800781
0.76220703
0.75244141
0.27026367
0.28369141
0.57177734
0.56445312
0.70751953
0.69140625
0.74267578
0.73535156
0.29418945
0.27978516
0.57666016
0.56591797
0.69091797
0.68652344
0.70996094
0.70019531
0.28271484
0.31518555
0.36035156
0.48413086
0.63671875
0.60644531
0.45678711
0.40478516
0.51318359
0.47070312
0.47509766
0.49340820
0.60693359
0.61035156
0.41210938
0.38256836
0.45581055
0.45947266
0.51757812
0.54150391
0.60498047
0.57958984
0.39721680
0.37207031
0.43774414
0.38818359
0.54003906
0.54931641
0.59228516
0.60986328
0.38427734
0.37231445
0.32324219
0.55419922
0.08300781
0.13891602
0.18859863
0.25634766
0.59716797
0.61230469
0.60937500
0.58984375
0.15966797
0.13049316
0.30273438
0.30371094
0.61865234
0.61816406
0.58837891
0.58056641
0.13684082
0.16369629
0.18762207
0.29077148
0.62158203
0.59521484
0.57666016
0.58154297
0.19494629
0.19970703
0.32373047
0.29736328
0.59619141
0.60742188
0.55712891
0.56689453
0.79736328
0.80273438
0.79833984
0.79248047
0.23718262
0.19580078
0.30102539
0.28076172
0.78027344
0.70800781
0.77929688
0.76806641
0.17883301
0.18127441
0.41015625
0.47265625
0.68847656
0.69873047
0.75927734
0.76123047
0.20385742
0.25854492
0.50585938
0.50195312
0.69091797
0.68408203
0.74023438
0.72070312
0.32739258
0.33789062
0.47949219
0.50146484
0.64111328
0.61669922
0.45336914
0.43701172
0.45922852
0.38281250
0.20080566
0.18188477
0.63134766
0.61718750
0.39428711
0.40185547
0.36010742
0.35302734
0.10925293
0.12237549
0.61718750
0.61767578
0.37841797
0.36499023
0.33593750
0.31347656
0.18322754
0.17553711
0.59326172
0.62500000
0.37500000
0.36791992
0.32104492
0.31396484
0.15734863
0.12573242
0.19555664
0.21972656
0.60302734
0.58007812
0.61474609
0.60937500
0.71142578
0.72021484
0.26489258
0.26440430
0.58056641
0.60058594
0.56445312
0.54541016
0.71777344
0.65966797
0.20764160
0.17590332
0.60595703
0.59716797
0.55224609
0.52978516
0.55029297
0.54833984
0.17163086
0.16918945
0.57275391
0.57763672
0.54931641
0.53662109
0.58056641
0.57861328
0.80371094
0.82666016
0.21655273
0.22155762
0.23754883
0.15502930
0.61279297
0.61523438
0.79589844
0.79003906
0.24450684
0.27246094
0.26098633
0.36718750
0.60839844
0.59716797
0.78515625
0.77539062
0.28881836
0.30444336
0.49414062
0.49267578
0.62255859
0.61425781
0.76220703
0.78759766
0.30297852
0.28881836
0.50976562
0.52294922
0.62890625
0.59814453
0.44213867
0.45263672
0.34057617
0.32714844
0.08636475
0.15039062
0.22851562
0.24230957
0.39575195
0.40795898
0.32202148
0.33837891
0.18115234
0.21313477
0.27343750
0.31030273
0.38525391
0.35668945
0.32006836
0.29980469
0.17248535
0.11834717
0.32177734
0.23217773
0.32397461
0.32788086
0.27978516
0.28588867
0.15002441
0.17443848
0.16821289
0.29223633
0.55761719
0.58447266
0.60302734
0.61816406
0.47460938
0.52392578
0.81835938
0.80957031
0.60546875
0.59033203
0.57812500
0.54248047
0.53662109
0.50097656
0.82031250
0.81933594
0.59619141
0.60644531
0.56250000
0.56103516
0.44335938
0.47192383
0.80517578
0.83642578
0.60986328
0.59375000
0.56103516
0.54687500
0.45288086
0.42578125
0.83935547
0.81152344
0.21667480
0.20385742
0.36914062
0.32373047
0.59423828
0.62744141
0.47094727
0.43872070
0.22875977
0.26928711
0.18322754
0.21911621
0.61328125
0.62841797
0.39819336
0.39233398
0.28857422
0.25756836
0.41918945
0.48608398
0.63378906
0.62890625
0.40820312
0.36889648
0.25292969
0.25390625
0.49853516
0.51953125
0.62792969
0.61621094
0.32861328
0.30078125
0.11700439
0.21777344
0.74169922
0.12573242
0.19409180
0.23352051
0.56738281
0.54541016
0.29418945
0.31054688
0.07763672
0.08978271
0.23144531
0.22338867
0.51904297
0.54492188
0.31250000
0.29248047
0.12377930
0.19470215
0.24389648
0.29760742
0.60253906
0.58789062
0.26049805
0.35375977
0.23205566
0.16784668
0.26123047
0.19897461
0.55468750
0.57812500
0.57568359
0.57031250
0.34277344
0.38769531
0.79589844
0.80224609
0.10089111
0.10723877
0.57470703
0.55908203
0.38916016
0.39038086
0.81542969
0.80419922
0.15002441
0.15295410
0.56542969
0.56591797
0.37963867
0.35473633
0.82617188
0.85791016
0.15832520
0.14086914
0.56933594
0.53076172
0.28466797
0.14733887
0.84033203
0.81445312
0.14086914
0.13928223
0.33032227
0.22583008
0.58740234
0.60058594
0.46215820
0.45483398
0.19311523
0.24157715
0.16857910
0.28222656
0.60595703
0.60742188
0.44262695
0.40795898
0.29956055
0.30639648
0.42089844
0.45605469
0.59179688
0.58935547
0.36596680
0.34814453
0.29199219
0.26562500
0.46606445
0.45312500
0.55712891
0.55566406
0.34008789
0.29736328
0.30737305
0.55517578
0.78271484
0.75830078
0.15332031
0.12512207
0.54882812
0.56298828
0.53271484
0.58789062
0.24023438
0.24279785
0.14562988
0.17895508
0.56591797
0.58593750
0.58789062
0.57910156
0.16442871
0.12078857
0.20214844
0.20690918
0.58056641
0.57519531
0.54736328
0.55468750
0.10662842
0.10089111
0.21325684
0.16040039
0.55761719
0.53857422
0.53369141
0.51806641
0.19299316
0.21728516
0.78808594
0.79199219
0.23352051
0.24182129
0.21459961
0.25244141
0.25000000
0.26342773
0.81054688
0.83349609
0.21679688
0.19177246
0.32006836
0.36450195
0.25463867
0.22473145
0.83935547
0.86132812
0.16394043
0.15576172
0.38769531
0.45312500
0.17395020
0.17834473
0.88720703
0.85937500
0.15881348
0.19213867
0.45996094
0.46484375
0.58349609
0.57568359
0.44897461
0.42871094
0.24279785
0.27587891
0.81201172
0.77978516
0.59375000
0.59033203
0.38891602
0.35620117
0.27539062
0.26586914
0.78125000
0.23693848
0.58300781
0.57666016
0.35131836
0.32958984
0.28588867
0.41674805
0.22070312
0.22033691
0.54589844
0.56835938
0.29858398
0.27319336
0.60498047
0.72070312
0.22338867
0.22290039
0.12280273
0.17932129
0.52343750
0.53857422
0.56298828
0.56347656
0.36816406
0.33398438
0.24291992
0.28930664
0.53222656
0.55566406
0.54052734
0.52734375
0.30834961
0.25170898
0.30004883
0.28808594
0.56201172
0.55224609
0.54980469
0.52246094
0.20288086
0.19714355
0.29199219
0.29809570
0.53906250
0.49023438
0.53955078
0.50048828
0.20690918
0.21936035
0.78173828
0.79199219
0.15136719
0.11877441
0.32763672
0.33422852
0.56787109
0.54980469
0.80468750
0.81933594
0.08636475
0.08099365
0.35668945
0.36132812
0.54296875
0.55615234
0.83447266
0.87255859
0.08538818
0.09216309
0.36743164
0.39550781
0.55029297
0.55810547
0.87695312
0.87500000
0.08099365
0.09313965
0.41967773
0.43627930
0.52587891
0.54833984
0.43701172
0.42285156
0.23889160
0.23645020
0.85351562
0.84033203
0.30859375
0.33813477
0.41943359
0.39111328
0.28125000
0.47753906
0.81738281
0.79394531
0.32983398
0.30053711
0.34594727
0.33105469
0.62841797
0.68945312
0.27954102
0.26220703
0.28979492
0.27539062
0.30981445
0.28784180
0.68505859
0.69677734
0.25878906
0.26806641
0.27343750
0.29052734
0.50292969
0.52587891
0.53710938
0.55029297
0.38012695
0.42919922
0.76562500
0.79492188
0.48486328
0.49829102
0.54101562
0.54492188
0.46191406
0.43994141
0.82714844
0.84375000
0.54882812
0.52978516
0.53906250
0.51025391
0.39916992
0.37670898
0.86279297
0.86865234
0.49755859
0.56201172
0.50341797
0.45507812
0.37939453
0.36206055
0.89160156
0.89990234
0.26611328
0.28466797
0.32373047
0.31958008
0.55615234
0.54687500
0.42456055
0.41650391
0.26538086
0.26269531
0.35498047
0.37182617
0.54248047
0.56884766
0.39794922
0.38330078
0.29492188
0.30908203
0.37475586
0.40209961
0.55810547
0.54296875
0.35937500
0.33813477
0.31372070
0.31298828
0.42993164
0.44213867
0.54931641
0.54785156
0.30029297
0.28881836
0.29248047
0.26562500
0.87011719
0.85156250
0.34594727
0.35498047
0.49633789
0.52197266
0.29687500
0.56347656
0.81640625
0.79394531
0.33618164
0.32006836
0.50390625
0.50341797
0.68164062
0.66552734
0.77685547
0.30346680
0.29467773
0.27905273
0.49145508
0.51464844
0.65039062
0.67724609
0.28393555
0.28808594
0.28027344
0.28515625
0.55322266
0.54638672
0.62060547
0.61669922
0.51171875
0.53173828
0.54589844
0.55273438
0.80957031
0.78808594
0.61962891
0.64599609
0.52636719
0.51416016
0.56835938
0.60058594
0.77148438
0.76025391
0.61572266
0.63476562
0.51855469
0.48950195
0.58984375
0.62988281
0.72949219
0.69726562
0.61718750
0.62255859
0.48779297
0.47192383
0.71923828
0.68652344
0.68847656
0.66064453
0.12475586
0.17785645
0.43725586
0.47460938
0.57958984
0.60449219
0.42456055
0.40649414
0.18029785
0.18945312
0.36767578
0.44604492
0.61865234
0.55810547
0.41674805
0.40625000
0.16369629
0.16174316
0.49218750
0.49291992
0.57080078
0.56591797
0.37597656
0.37573242
0.15209961
0.11840820
0.55322266
0.57324219
0.53027344
0.55859375
0.44580078
0.43896484
0.62695312
0.63085938
0.08978271
0.07861328
0.16320801
0.10968018
0.60253906
0.63330078
0.56054688
0.51855469
0.07861328
0.09655762
0.24926758
0.23718262
0.62695312
0.62304688
0.50732422
0.52441406
0.13244629
0.16064453
0.19384766
0.33422852
0.53466797
0.59423828
0.77783203
0.86083984
0.19909668
0.15002441
0.35180664
0.35302734
0.61376953
0.64160156
0.55322266
0.51269531
0.47216797
0.46362305
0.81835938
0.81542969
0.10424805
0.14123535
0.49218750
0.51611328
0.52343750
0.58349609
0.81396484
0.80566406
0.21386719
0.23925781
0.53759766
0.51367188
0.59423828
0.60742188
0.77197266
0.74609375
0.21069336
0.23010254
0.52197266
0.55371094
0.64013672
0.64550781
0.72167969
0.70507812
0.25292969
0.25781250
0.24902344
0.33398438
0.61279297
0.58154297
0.41577148
0.43188477
0.66113281
0.64013672
0.34960938
0.37573242
0.59814453
0.60351562
0.40405273
0.35449219
0.62500000
0.62792969
0.37939453
0.41381836
0.60302734
0.59130859
0.37133789
0.35864258
0.57617188
0.56347656
0.53271484
0.53808594
0.59277344
0.57373047
0.38671875
0.37768555
0.51953125
0.46777344
0.07965088
0.11157227
0.11065674
0.10864258
0.61035156
0.62060547
0.55712891
0.53564453
0.11340332
0.07623291
0.15295410
0.28930664
0.61425781
0.63183594
0.54589844
0.59130859
0.10583496
0.12951660
0.28295898
0.26000977
0.63574219
0.65039062
0.52685547
0.53222656
0.14562988
0.19726562
0.28222656
0.29614258
0.62060547
0.64062500
0.56250000
0.55712891
0.41113281
0.46801758
0.80371094
0.80566406
0.13732910
0.14660645
0.19213867
0.18090820
0.54687500
0.58642578
0.78955078
0.78906250
0.17248535
0.18029785
0.39648438
0.46166992
0.57666016
0.60546875
0.79003906
0.78515625
0.20544434
0.21228027
0.44628906
0.47778320
0.61621094
0.65380859
0.75097656
0.73291016
0.22741699
0.23046875
0.52734375
0.54345703
0.61035156
0.62500000
0.49682617
0.43676758
0.59375000
0.62060547
0.60107422
0.09552002
0.62646484
0.62451172
0.46972656
0.43798828
0.62451172
0.62744141
0.10388184
0.15002441
0.60302734
0.61865234
0.40844727
0.35595703
0.64062500
0.57666016
0.13684082
0.11297607
0.59326172
0.58203125
0.35546875
0.39135742
0.55078125
0.50292969
0.11102295
0.14562988
0.23901367
0.15881348
0.58398438
0.59423828
0.57568359
0.59619141
0.38671875
0.52734375
0.14758301
0.20312500
0.61962891
0.62597656
0.56494141
0.56201172
0.69335938
0.76123047
0.23608398
0.21496582
0.63281250
0.64013672
0.57958984
0.60888672
0.73730469
0.70605469
0.20935059
0.25000000
0.65234375
0.65966797
0.57861328
0.58740234
0.68554688
0.69726562
0.79003906
0.80810547
0.16479492
0.17993164
0.28710938
0.26245117
0.65576172
0.63183594
0.80761719
0.81640625
0.19299316
0.21118164
0.22912598
0.25708008
0.63378906
0.63769531
0.78466797
0.78027344
0.23779297
0.24584961
0.42993164
0.48291016
0.62060547
0.63134766
0.76562500
0.75341797
0.23876953
0.26049805
0.47900391
0.51562500
0.62548828
0.61083984
0.55029297
0.52929688
0.66259766
0.64843750
0.67236328
0.65185547
0.33569336
0.25634766
0.50781250
0.45629883
0.64257812
0.58789062
0.15869141
0.10290527
0.19580078
0.23889160
0.43139648
0.39770508
0.57714844
0.53369141
0.11358643
0.15637207
0.25537109
0.25781250
0.43017578
0.41918945
0.51855469
0.51074219
0.13928223
0.12310791
0.27929688
0.25708008
0.55468750
0.58642578
0.62011719
0.61474609
0.35180664
0.55273438
0.81689453
0.80273438
0.60498047
0.58886719
0.63232422
0.57177734
0.75390625
0.81689453
0.80371094
0.79248047
0.57617188
0.62841797
0.59765625
0.60302734
0.80664062
0.78759766
0.80273438
0.79199219
0.63916016
0.65039062
0.59228516
0.58496094
0.76416016
0.74267578
0.76025391
0.76416016
0.21020508
0.20275879
0.20935059
0.23120117
0.62792969
0.62207031
0.56787109
0.55322266
0.21093750
0.20886230
0.29736328
0.24145508
0.59423828
0.61767578
0.50048828
0.43115234
0.27026367
0.27612305
0.34912109
0.29785156
0.63623047
0.62207031
0.47192383
0.45996094
0.27612305
0.23620605
0.44970703
0.48632812
0.59082031
0.58056641
0.41552734
0.37866211
0.68505859
0.66650391
0.67529297
0.67285156
0.32055664
0.30957031
0.52392578
0.52929688
0.60595703
0.57910156
0.64990234
0.19921875
0.26245117
0.25439453
0.57861328
0.59033203
0.50146484
0.44116211
0.18933105
0.12469482
0.20385742
0.22741699
0.58203125
0.57617188
0.41674805
0.39819336
0.10528564
0.16809082
0.32226562
0.32958984
0.56982422
0.59960938
0.61035156
0.59277344
0.31909180
0.44165039
0.65234375
0.83642578
0.13110352
0.16271973
0.60302734
0.60595703
0.64697266
0.72119141
0.79931641
0.79931641
0.16467285
0.16845703
0.60400391
0.59130859
0.77929688
0.80664062
0.79980469
0.80419922
0.16906738
0.17687988
0.57324219
0.57861328
0.80029297
0.73925781
0.80419922
0.78613281
0.18420410
0.24255371
0.17492676
0.21154785
0.63281250
0.61816406
0.55322266
0.51953125
0.56054688
0.52246094
0.18029785
0.10565186
0.61962891
0.63818359
0.54052734
0.51367188
0.46264648
0.42773438
0.11340332
0.17089844
0.63330078
0.64257812
0.44287109
0.45434570
0.41064453
0.37695312
0.27636719
0.38134766
0.62597656
0.61962891
0.43432617
0.37353516
0.32885742
0.32763672
0.77197266
0.72509766
0.30151367
0.28955078
0.54931641
0.54492188
0.60302734
0.59814453
0.70751953
0.67822266
0.25512695
0.20996094
0.56640625
0.57861328
0.57275391
0.57958984
0.12377930
0.17834473
0.21826172
0.24462891
0.57910156
0.60205078
0.62841797
0.61376953
0.20141602
0.17504883
0.28173828
0.29760742
0.60107422
0.59277344
0.59570312
0.58789062
0.30200195
0.31176758
0.60888672
0.82275391
0.14807129
0.15197754
0.34228516
0.35327148
0.42529297
0.49658203
0.79199219
0.79541016
0.21862793
0.24182129
0.31958008
0.21899414
0.56738281
0.61279297
0.80908203
0.83593750
0.21667480
0.19396973
0.29101562
0.31616211
0.61474609
0.55957031
0.80175781
0.81542969
0.23620605
0.26757812
0.18310547
0.21557617
0.59375000
0.58496094
0.52929688
0.53515625
0.34985352
0.28662109
0.80273438
0.75927734
0.58349609
0.58007812
0.51904297
0.52148438
0.24011230
0.22326660
0.75537109
0.72509766
0.58984375
0.62500000
0.49877930
0.45971680
0.25463867
0.30786133
0.69677734
0.07861328
0.61474609
0.61572266
0.41040039
0.38403320
0.32055664
0.32177734
0.09948730
0.13549805
0.25708008
0.24157715
0.53613281
0.56201172
0.59423828
0.57910156
0.28466797
0.27221680
0.20178223
0.16711426
0.54736328
0.56933594
0.63183594
0.61865234
0.29199219
0.34643555
0.18127441
0.17895508
0.53662109
0.51904297
0.59667969
0.59423828
0.37890625
0.43627930
0.22668457
0.26171875
0.54687500
0.57666016
0.60546875
0.58154297
0.47583008
0.48022461
0.69091797
0.79394531
0.14318848
0.13781738
0.35156250
0.32104492
0.57275391
0.55322266
0.77636719
0.79833984
0.11639404
0.11199951
0.26220703
0.25878906
0.54052734
0.61523438
0.80224609
0.80419922
0.16174316
0.21691895
0.34375000
0.34277344
0.62548828
0.57714844
0.79150391
0.81396484
0.21936035
0.17785645
0.23962402
0.14758301
0.58300781
0.59130859
0.54541016
0.49975586
0.07861328
0.07421875
0.82470703
0.79248047
0.11743164
0.10668945
0.48754883
0.50390625
0.07666016
0.08880615
0.77294922
0.77246094
0.13439941
0.18798828
0.49584961
0.48413086
0.09020996
0.13989258
0.75732422
0.74414062
0.20922852
0.20959473
0.44409180
0.41503906
0.21325684
0.28564453
0.21752930
0.14562988
0.19104004
0.17150879
0.48730469
0.48095703
0.58886719
0.59912109
0.26098633
0.29223633
0.74658203
0.77001953
0.49414062
0.52929688
0.58154297
0.56494141
0.28442383
0.23620605
0.74804688
0.76367188
0.55517578
0.57470703
0.53417969
0.56640625
0.24597168
0.28637695
0.77294922
0.78222656
0.57031250
0.56738281
0.58398438
0.56445312
0.31591797
0.31567383
0.79394531
0.83105469
0.11541748
0.16174316
0.23388672
0.24328613
0.56835938
0.59814453
0.53710938
0.49536133
0.21289062
0.20983887
0.27758789
0.27392578
0.58642578
0.60302734
0.48706055
0.48706055
0.18798828
0.14428711
0.23791504
0.17932129
0.59082031
0.58642578
0.46777344
0.44604492
0.10290527
0.08062744
0.19177246
0.32104492
0.60937500
0.60546875
0.40527344
0.40429688
0.17492676
0.16613770
0.85205078
0.85302734
0.23718262
0.24523926
0.47460938
0.51611328
0.18029785
0.20556641
0.83154297
0.81005859
0.28100586
0.24755859
0.53222656
0.52636719
0.25170898
0.27026367
0.79394531
0.77294922
0.12951660
0.11163330
0.53466797
0.54443359
0.29785156
0.31469727
0.76904297
0.23828125
0.16040039
0.19543457
0.53955078
0.55810547
0.59814453
0.54199219
0.26489258
0.25317383
0.72167969
0.72900391
0.18212891
0.16442871
0.52832031
0.53369141
0.30444336
0.33154297
0.76513672
0.76904297
0.10925293
0.10626221
0.55810547
0.59179688
0.29833984
0.22473145
0.76464844
0.79638672
0.08099365
0.09851074
0.57470703
0.55126953
0.18225098
0.17590332
0.79687500
0.83789062
0.14428711
0.16711426
0.32519531
0.32885742
0.55468750
0.56494141
0.49755859
0.48291016
0.25024414
0.25292969
0.30126953
0.29052734
0.56250000
0.54443359
0.49316406
0.48046875
0.25537109
0.24316406
0.29516602
0.30737305
0.58837891
0.56298828
0.43212891
0.41552734
0.23547363
0.24645996
0.36157227
0.36303711
0.55371094
0.56250000
0.42065430
0.40942383
0.25146484
0.27294922
0.88476562
0.89501953
0.09112549
0.08099365
0.46679688
0.49438477
0.52490234
0.51025391
0.88964844
0.84960938
0.08435059
0.09790039
0.49829102
0.50000000
0.53808594
0.56591797
0.82324219
0.80029297
0.12280273
0.20996094
0.51318359
0.53955078
0.54931641
0.53662109
0.77978516
0.77050781
0.28466797
0.30395508
0.53222656
0.53369141
0.54248047
0.52636719
0.26342773
0.24951172
0.70751953
0.73730469
0.27490234
0.27929688
0.29370117
0.31933594
0.25830078
0.31762695
0.74462891
0.76660156
0.27148438
0.26708984
0.31469727
0.30932617
0.37817383
0.41308594
0.77929688
0.79443359
0.25830078
0.24548340
0.32739258
0.31762695
0.40307617
0.39208984
0.81591797
0.82324219
0.23645020
0.25073242
0.35034180
0.33471680
0.54443359
0.53027344
0.48999023
0.46704102
0.34643555
0.31127930
0.88720703
0.88769531
0.56005859
0.56054688
0.44116211
0.44775391
0.31347656
0.28588867
0.90917969
0.89404297
0.55419922
0.56054688
0.41992188
0.42382812
0.27929688
0.25488281
0.87500000
0.85937500
0.56103516
0.55664062
0.42993164
0.40063477
0.24963379
0.46533203
0.82519531
0.79638672
0.32641602
0.34277344
0.42797852
0.48046875
0.57421875
0.54443359
0.27832031
0.25219727
0.35278320
0.37109375
0.46850586
0.48754883
0.54687500
0.56445312
0.26000977
0.28588867
0.36791992
0.36401367
0.50683594
0.52392578
0.55273438
0.54492188
0.33862305
0.39599609
0.34790039
0.30932617
0.53222656
0.49462891
0.54394531
0.52636719
0.42553711
0.46020508
0.70654297
0.72314453
0.27587891
0.27490234
0.30126953
0.31054688
0.53369141
0.53759766
0.75048828
0.76660156
0.27905273
0.30053711
0.32568359
0.32714844
0.52392578
0.51611328
0.78808594
0.79541016
0.30004883
0.30029297
0.33740234
0.35400391
0.54248047
0.57080078
0.81884766
0.83935547
0.30053711
0.29516602
0.32714844
0.35327148
0.54199219
0.53271484
0.59570312
0.60595703
0.45214844
0.44799805
0.61572266
0.62402344
0.67431641
0.64990234
0.62988281
0.63183594
0.43994141
0.41186523
0.68017578
0.61865234
0.60595703
0.09655762
0.61669922
0.62744141
0.35961914
0.38085938
0.56103516
0.60400391
0.08099365
0.07965088
0.58837891
0.55273438
0.39306641
0.37548828
0.56640625
0.49804688
0.07861328
0.08978271
0.13793945
0.23962402
0.61669922
0.61230469
0.52148438
0.54541016
0.44946289
0.45214844
0.27124023
0.26245117
0.59619141
0.58593750
0.54785156
0.57031250
0.49462891
0.50976562
0.17187500
0.08978271
0.58593750
0.60839844
0.58935547
0.54492188
0.50048828
0.50146484
0.18029785
0.13452148
0.61962891
0.62841797
0.53906250
0.52929688
0.53222656
0.57910156
0.83984375
0.80078125
0.14758301
0.13586426
0.33715820
0.34692383
0.61181641
0.59130859
0.80126953
0.79980469
0.13391113
0.13928223
0.31933594
0.27807617
0.61865234
0.59814453
0.82617188
0.78710938
0.12469482
0.15197754
0.26464844
0.39404297
0.60937500
0.60888672
0.79101562
0.78173828
0.16516113
0.17150879
0.46899414
0.44824219
0.58789062
0.60791016
0.53564453
0.52294922
0.61181641
0.64257812
0.68457031
0.65332031
0.24060059
0.18408203
0.47680664
0.48681641
0.66308594
0.65576172
0.64013672
0.64208984
0.11346436
0.10626221
0.46240234
0.46679688
0.64648438
0.65722656
0.07965088
0.09411621
0.22998047
0.13854980
0.43383789
0.39916992
0.63476562
0.56591797
0.08978271
0.07965088
0.13549805
0.25048828
0.55517578
0.57666016
0.55761719
0.54248047
0.42724609
0.46313477
0.70507812
0.84423828
0.59277344
0.60546875
0.50732422
0.54150391
0.47265625
0.44677734
0.82275391
0.80029297
0.60009766
0.60400391
0.54150391
0.50976562
0.43798828
0.46069336
0.79833984
0.81005859
0.61669922
0.61230469
0.51953125
0.55078125
0.48852539
0.52929688
0.79736328
0.79443359
0.17248535
0.15295410
0.29077148
0.29125977
0.65722656
0.63476562
0.57910156
0.54394531
0.13928223
0.13928223
0.29833984
0.32299805
0.64160156
0.59667969
0.50146484
0.46728516
0.13830566
0.12310791
0.28027344
0.26196289
0.59082031
0.60888672
0.44824219
0.42309570
0.16076660
0.21093750
0.38867188
0.38159180
0.61865234
0.62255859
0.45507812
0.41894531
0.64843750
0.62304688
0.70410156
0.66894531
0.24182129
0.25756836
0.55273438
0.55761719
0.63378906
0.63183594
0.65869141
0.65527344
0.25390625
0.26538086
0.60205078
0.61425781
0.63525391
0.65283203
0.60839844
0.08062744
0.19238281
0.11059570
0.62011719
0.62402344
0.58740234
0.62646484
0.10961914
0.12609863
0.12609863
0.19042969
0.59277344
0.61865234
0.56103516
0.56445312
0.39599609
0.38891602
0.44775391
0.43457031
0.17443848
0.16711426
0.55273438
0.53173828
0.42187500
0.40991211
0.72412109
0.82226562
0.17150879
0.15979004
0.58935547
0.55859375
0.38916016
0.44384766
0.81298828
0.80078125
0.14697266
0.14660645
0.53662109
0.53857422
0.53857422
0.62890625
0.79980469
0.79003906
0.16271973
0.17248535
0.35766602
0.35229492
0.65966797
0.64404297
0.59521484
0.54150391
0.71044922
0.68164062
0.31884766
0.30346680
0.64257812
0.63330078
0.55126953
0.54345703
0.66796875
0.62988281
0.32128906
0.23107910
0.62646484
0.61621094
0.52978516
0.51416016
0.64501953
0.64697266
0.15844727
0.28808594
0.66113281
0.62548828
0.50683594
0.48095703
0.63769531
0.64160156
0.72509766
0.71875000
0.28247070
0.29638672
0.52636719
0.53271484
0.62353516
0.59960938
0.70117188
0.69775391
0.28344727
0.30029297
0.58056641
0.57958984
0.57421875
0.58593750
0.64794922
0.63916016
0.30639648
0.25439453
0.57373047
0.57812500
0.61035156
0.59423828
0.13012695
0.08978271
0.20556641
0.21752930
0.60498047
0.62402344
0.60644531
0.60498047
0.39428711
0.37890625
0.47192383
0.41577148
0.13928223
0.18273926
0.17150879
0.34033203
0.37817383
0.38964844
0.35815430
0.56787109
0.17541504
0.17980957
0.37329102
0.33886719
0.36718750
0.43872070
0.82031250
0.79882812
0.19189453
0.19433594
0.32104492
0.27587891
0.70312500
0.81005859
0.80712891
0.82568359
0.19238281
0.18859863
0.31591797
0.23986816
0.63085938
0.63232422
0.58691406
0.55664062
0.71679688
0.71142578
0.78027344
0.76806641
0.62304688
0.61523438
0.56738281
0.56396484
0.69335938
0.69140625
0.73193359
0.69531250
0.66064453
0.64453125
0.55908203
0.57861328
0.68994141
0.66455078
0.70605469
0.67529297
0.60156250
0.62402344
0.51464844
0.43676758
0.64013672
0.61621094
0.64599609
0.17138672
0.21533203
0.23852539
0.47851562
0.48071289
0.60839844
0.60400391
0.36376953
0.37158203
0.26440430
0.30322266
0.47900391
0.44848633
0.55468750
0.59570312
0.36132812
0.37500000
0.30957031
0.28710938
0.52685547
0.55224609
0.61962891
0.62841797
0.33618164
0.40161133
0.25683594
0.22131348
0.59082031
0.58300781
0.61376953
0.60400391
0.63183594
0.74023438
0.38574219
0.36596680
0.15295410
0.14953613
0.31542969
0.18908691
0.60693359
0.61181641
0.33129883
0.29833984
0.15832520
0.17004395
0.20117188
0.22705078
0.58398438
0.60058594
0.57519531
0.81591797
0.18457031
0.20788574
0.19946289
0.16479492
0.62500000
0.62744141
0.81396484
0.81152344
0.18420410
0.20751953
0.13684082
0.12078857
0.59912109
0.60693359
0.56347656
0.58105469
0.63916016
0.59960938
0.76708984
0.76611328
0.26440430
0.29370117
0.58496094
0.56591797
0.62646484
0.65429688
0.77490234
0.76074219
0.30932617
0.31787109
0.56054688
0.55859375
0.64111328
0.62988281
0.71972656
0.70605469
0.34497070
0.33789062
0.55615234
0.48242188
0.58984375
0.54785156
0.69775391
0.66162109
0.27563477
0.22949219
0.49218750
0.49414062
0.63720703
0.63427734
0.37646484
0.37670898
0.32958984
0.32177734
0.53369141
0.52734375
0.60546875
0.61962891
0.33837891
0.34350586
0.30444336
0.27392578
0.50976562
0.54199219
0.63330078
0.62548828
0.32885742
0.31909180
0.40966797
0.77978516
0.54296875
0.56933594
0.59863281
0.59033203
0.45483398
0.56445312
0.81494141
0.80224609
0.12237549
0.15197754
0.27929688
0.23352051
0.58691406
0.59082031
0.53320312
0.52734375
0.19287109
0.17443848
0.19641113
0.17492676
0.58789062
0.57421875
0.54492188
0.54101562
0.14428711
0.13977051
0.22839355
0.25097656
0.60644531
0.62597656
0.52001953
0.53955078
0.17346191
0.22973633
0.31323242
0.22631836
0.62353516
0.64990234
0.48852539
0.52343750
0.51806641
0.49584961
0.82128906
0.80908203
0.31201172
0.29614258
0.37622070
0.48266602
0.51708984
0.52148438
0.80224609
0.78417969
0.27563477
0.27490234
0.48706055
0.50634766
0.47021484
0.44311523
0.76611328
0.75830078
0.26928711
0.28002930
0.54199219
0.57128906
0.40209961
0.37890625
0.73730469
0.70556641
0.28588867
0.23815918
0.55957031
0.58691406
0.58349609
0.64355469
0.41113281
0.36914062
0.33178711
0.32299805
0.20776367
0.21411133
0.62939453
0.63867188
0.32885742
0.29931641
0.27856445
0.26904297
0.16113281
0.11199951
0.60351562
0.59863281
0.30639648
0.28857422
0.43823242
0.75537109
0.11303711
0.14025879
0.60644531
0.60791016
0.30688477
0.38085938
0.76757812
0.79199219
0.18701172
0.16406250
0.24230957
0.22375488
0.59277344
0.58398438
0.55468750
0.55419922
0.45996094
0.40014648
0.23352051
0.18676758
0.59179688
0.60498047
0.57568359
0.57324219
0.43017578
0.37573242
0.36767578
0.37670898
0.54785156
0.55224609
0.58349609
0.53662109
0.23132324
0.13659668
0.32885742
0.23242188
0.59423828
0.59472656
0.50927734
0.49365234
0.09039307
0.07525635
0.83056641
0.84130859
0.23278809
0.28906250
0.29345703
0.46142578
0.60986328
0.61132812
0.84228516
0.81787109
0.29589844
0.27514648
0.44555664
0.46020508
0.57373047
0.56591797
0.81152344
0.79882812
0.22497559
0.15881348
0.47460938
0.51269531
0.59863281
0.57763672
0.77636719
0.74755859
0.13684082
0.14367676
0.53125000
0.54541016
0.60351562
0.61816406
0.36596680
0.36962891
0.30541992
0.28588867
0.09454346
0.08679199
0.22473145
0.28710938
0.32934570
0.31884766
0.25952148
0.31640625
0.12512207
0.15966797
0.32666016
0.23278809
0.28295898
0.27490234
0.56933594
0.77246094
0.19396973
0.18762207
0.26293945
0.29833984
0.27490234
0.25073242
0.79150391
0.77294922
0.16711426
0.13049316
0.25585938
0.27124023
0.56835938
0.59960938
0.54980469
0.55712891
0.29736328
0.30224609
0.82861328
0.85742188
0.60546875
0.57714844
0.56103516
0.54492188
0.23120117
0.12622070
0.85253906
0.84619141
0.58398438
0.58447266
0.54492188
0.51220703
0.09112549
0.11108398
0.84912109
0.83935547
0.58886719
0.58447266
0.45874023
0.45825195
0.12756348
0.13159180
0.81787109
0.80224609
0.07965088
0.07421875
0.38891602
0.43115234
0.59716797
0.59277344
0.36425781
0.35449219
0.07086182
0.07226562
0.46264648
0.47045898
0.55224609
0.56152344
0.32666016
0.30078125
0.08398438
0.11743164
0.45874023
0.51171875
0.58300781
0.57910156
0.28442383
0.26000977
0.16223145
0.25781250
0.53027344
0.51855469
0.57128906
0.53857422
0.28686523
0.31152344
0.30151367
0.26000977
0.24694824
0.21533203
0.26513672
0.22448730
0.56494141
0.57373047
0.34179688
0.57373047
0.19714355
0.17041016
0.17700195
0.17492676
0.55078125
0.53808594
0.74365234
0.73437500
0.13781738
0.10626221
0.21777344
0.26367188
0.53906250
0.56738281
0.75439453
0.75976562
0.10522461
0.14221191
0.28515625
0.28417969
0.57958984
0.56933594
0.55468750
0.54296875
0.18908691
0.20520020
0.83300781
0.82763672
0.18334961
0.19555664
0.52734375
0.49584961
0.20825195
0.19958496
0.86376953
0.87304688
0.19909668
0.20788574
0.50976562
0.51660156
0.21374512
0.22375488
0.88916016
0.87890625
0.19714355
0.20117188
0.47338867
0.47583008
0.22131348
0.21313477
0.86669922
0.83642578
0.17663574
0.13195801
0.36450195
0.41357422
0.57470703
0.57373047
0.35815430
0.35205078
0.37036133
0.53759766
0.43090820
0.44311523
0.54589844
0.55712891
0.31030273
0.29418945
0.66406250
0.71093750
0.47241211
0.48852539
0.54833984
0.55566406
0.26660156
0.25341797
0.71435547
0.71240234
0.49462891
0.50683594
0.50488281
0.54345703
0.25195312
0.30102539
0.74707031
0.75537109
0.24084473
0.22949219
0.28735352
0.28637695
0.56347656
0.56445312
0.51269531
0.52343750
0.23889160
0.24621582
0.29370117
0.30126953
0.52929688
0.54980469
0.53076172
0.49047852
0.24963379
0.26708984
0.30395508
0.31835938
0.51269531
0.53613281
0.49438477
0.47875977
0.25537109
0.21411133
0.33862305
0.31469727
0.57080078
0.56005859
0.44848633
0.46826172
0.38452148
0.34277344
0.85009766
0.84863281
0.20959473
0.17053223
0.35839844
0.36816406
0.30346680
0.28076172
0.86230469
0.90429688
0.15332031
0.15930176
0.41503906
0.40991211
0.27880859
0.27978516
0.88964844
0.88818359
0.16174316
0.16174316
0.41601562
0.45703125
0.27954102
0.27734375
0.88183594
0.87060547
0.18444824
0.20275879
0.47680664
0.48730469
0.56542969
0.55859375
0.36450195
0.34252930
0.67968750
0.68359375
0.78320312
0.28271484
0.54687500
0.54589844
0.29711914
0.28784180
0.68115234
0.68066406
0.28149414
0.27709961
0.54541016
0.52441406
0.28173828
0.26074219
0.68994141
0.71972656
0.27148438
0.27612305
0.54736328
0.56689453
0.26342773
0.27294922
0.74316406
0.76757812
0.26367188
0.28637695
0.29321289
0.29223633
0.47021484
0.51416016
0.52441406
0.50634766
0.45629883
0.40014648
0.29614258
0.28930664
0.49877930
0.49511719
0.50048828
0.50195312
0.40673828
0.38647461
0.28710938
0.29663086
0.54785156
0.53759766
0.48535156
0.47607422
0.39111328
0.36718750
0.31909180
0.33764648
0.54785156
0.54150391
0.47851562
0.44604492
0.33593750
0.32519531
0.87451172
0.87353516
0.26245117
0.28808594
0.39599609
0.37524414
0.54394531
0.52539062
0.87939453
0.89160156
0.31030273
0.32031250
0.38891602
0.41943359
0.53271484
0.54003906
0.90576172
0.90966797
0.33520508
0.34545898
0.43652344
0.43994141
0.54345703
0.54394531
0.88183594
0.89794922
0.37646484
0.36010742
0.45996094
0.48583984
0.55371094
0.55712891
0.55322266
0.00000000
0.41015625
0.00000000
0.52636719
0.00000000
0.11676025
0.00000000
0.00000000
0.00000000
0.00000000
0.00000000
0.00000000
0.00000000
0.00000000
0.00000000
0.00000000
0.00000000
0.00000000
0.00000000
0.00000000
0.00000000
0.00000000
0.00000000
0.00000000
0.00000000
0.00000000
0.00000000
0.00000000
0.00000000
0.00000000
0.00000000
0.23779297
0.00000000
0.60937500
0.00000000
0.53173828
0.00000000
0.61718750
0.00000000
0.00000000
0.00000000
0.00000000
0.00000000
0.00000000
0.00000000
0.00000000
0.00000000
0.00000000
0.00000000
0.00000000
0.00000000
0.00000000
0.00000000
0.00000000
0.00000000
0.00000000
0.00000000
0.00000000
0.00000000
0.00000000
0.00000000
0.00000000
0.00000000
0.74316406
0.00000000
0.15881348
0.00000000
0.35522461
0.00000000
0.58691406
0.00000000
0.00000000
0.00000000
0.00000000
0.00000000
0.00000000
0.00000000
0.00000000
0.00000000
0.00000000
0.00000000
0.00000000
0.00000000
0.00000000
0.00000000
0.00000000
0.00000000
0.00000000
0.00000000
0.00000000
0.00000000
0.00000000
0.00000000
0.00000000
0.00000000
0.35253906
0.00000000
0.52734375
0.00000000
0.09851074
0.00000000
0.28906250
0.00000000
0.00000000
0.00000000
0.00000000
0.00000000
0.00000000
0.00000000
0.00000000
0.00000000
0.00000000
0.00000000
0.00000000
0.00000000
0.00000000
0.00000000
0.00000000
0.00000000
0.00000000
0.00000000
0.00000000
0.00000000
0.00000000
0.00000000
0.00000000
0.00000000
0.63720703
0.00000000
0.53759766
0.00000000
0.56787109
0.00000000
0.78173828
0.00000000
0.00000000
0.00000000
0.00000000
0.00000000
0.00000000
0.00000000
0.00000000
0.00000000
0.00000000
0.00000000
0.00000000
0.00000000
0.00000000
0.00000000
0.00000000
0.00000000
0.00000000
0.00000000
0.00000000
0.00000000
0.00000000
0.00000000
0.00000000
0.00000000
0.21435547
0.00000000
0.42773438
0.00000000
0.60644531
0.00000000
0.36230469
0.00000000
0.00000000
0.00000000
0.00000000
0.00000000
0.00000000
0.00000000
0.00000000
0.00000000
0.00000000
0.00000000
0.00000000
0.00000000
0.00000000
0.00000000
0.00000000
0.00000000
0.00000000
0.00000000
0.00000000
0.00000000
0.00000000
0.00000000
0.00000000
0.00000000
0.66308594
0.00000000
0.10925293
0.00000000
0.29077148
0.00000000
0.62353516
0.00000000
0.00000000
0.00000000
0.00000000
0.00000000
0.00000000
0.00000000
0.00000000
0.00000000
0.00000000
0.00000000
0.00000000
0.00000000
0.00000000
0.00000000
0.00000000
0.00000000
0.00000000
0.00000000
0.00000000
0.00000000
0.00000000
0.00000000
0.00000000
0.00000000
0.54492188
0.00000000
0.67187500
0.00000000
0.79052734
0.00000000
0.20593262
0.00000000
0.00000000
0.00000000
0.00000000
0.00000000
0.00000000
0.00000000
0.00000000
0.00000000
0.00000000
0.00000000
0.00000000
0.00000000
0.00000000
0.00000000
0.00000000
0.00000000
0.00000000
0.00000000
0.00000000
0.00000000
0.00000000
0.00000000
0.00000000
0.00000000
0.45336914
0.00000000
0.62304688
0.00000000
0.42822266
0.00000000
0.62207031
0.00000000
0.00000000
0.00000000
0.00000000
0.00000000
0.00000000
0.00000000
0.00000000
0.00000000
0.00000000
0.00000000
0.00000000
0.00000000
0.00000000
0.00000000
0.00000000
0.00000000
0.00000000
0.00000000
0.00000000
0.00000000
0.00000000
0.00000000
0.00000000
0.00000000
0.13146973
0.00000000
0.25634766
0.00000000
0.64208984
0.00000000
0.58056641
0.00000000
0.00000000
0.00000000
0.00000000
0.00000000
0.00000000
0.00000000
0.00000000
0.00000000
0.00000000
0.00000000
0.00000000
0.00000000
0.00000000
0.00000000
0.00000000
0.00000000
0.00000000
0.00000000
0.00000000
0.00000000
0.00000000
0.00000000
0.00000000
0.00000000
0.82568359
0.00000000
0.80371094
0.00000000
0.21264648
0.00000000
0.31762695
0.00000000
0.00000000
0.00000000
0.00000000
0.00000000
0.00000000
0.00000000
0.00000000
0.00000000
0.00000000
0.00000000
0.00000000
0.00000000
0.00000000
0.00000000
0.00000000
0.00000000
0.00000000
0.00000000
0.00000000
0.00000000
0.00000000
0.00000000
0.00000000
0.00000000
0.64355469
0.00000000
0.48193359
0.00000000
0.56982422
0.00000000
0.14294434
0.00000000
0.00000000
0.00000000
0.00000000
0.00000000
0.00000000
0.00000000
0.00000000
0.00000000
0.00000000
0.00000000
0.00000000
0.00000000
0.00000000
0.00000000
0.00000000
0.00000000
0.00000000
0.00000000
0.00000000
0.00000000
0.00000000
0.00000000
0.00000000
0.00000000
0.23437500
0.00000000
0.57763672
0.00000000
0.56787109
0.00000000
0.78955078
0.00000000
0.00000000
0.00000000
0.00000000
0.00000000
0.00000000
0.00000000
0.00000000
0.00000000
0.00000000
0.00000000
0.00000000
0.00000000
0.00000000
0.00000000
0.00000000
0.00000000
0.00000000
0.00000000
0.00000000
0.00000000
0.00000000
0.00000000
0.00000000
0.00000000
0.79736328
0.00000000
0.24047852
0.00000000
0.15441895
0.00000000
0.64160156
0.00000000
0.00000000
0.00000000
0.00000000
0.00000000
0.00000000
0.00000000
0.00000000
0.00000000
0.00000000
0.00000000
0.00000000
0.00000000
0.00000000
0.00000000
0.00000000
0.00000000
0.00000000
0.00000000
0.00000000
0.00000000
0.00000000
0.00000000
0.00000000
0.00000000
0.44067383
0.00000000
0.50195312
0.00000000
0.18518066
0.00000000
0.24829102
0.00000000
0.00000000
0.00000000
0.00000000
0.00000000
0.00000000
0.00000000
0.00000000
0.00000000
0.00000000
0.00000000
0.00000000
0.00000000
0.00000000
0.00000000
0.00000000
0.00000000
0.00000000
0.00000000
0.00000000
0.00000000
0.00000000
0.00000000
0.00000000
0.00000000
0.57324219
0.00000000
0.59765625
0.00000000
0.65478516
0.00000000
0.80371094
0.00000000
0.00000000
0.00000000
0.00000000
0.00000000
0.00000000
0.00000000
0.00000000
0.00000000
0.00000000
0.00000000
0.00000000
0.00000000
0.00000000
0.00000000
0.00000000
0.00000000
0.00000000
0.00000000
0.00000000
0.00000000
0.00000000
0.00000000
0.00000000
0.00000000
0.24389648
0.00000000
0.21862793
0.00000000
0.63085938
0.00000000
0.51171875
0.00000000
0.00000000
0.00000000
0.00000000
0.00000000
0.00000000
0.00000000
0.00000000
0.00000000
0.00000000
0.00000000
0.00000000
0.00000000
0.00000000
0.00000000
0.00000000
0.00000000
0.00000000
0.00000000
0.00000000
0.00000000
0.00000000
0.00000000
0.00000000
0.00000000
0.36352539
0.00000000
0.70507812
0.00000000
0.22839355
0.00000000
0.57080078
0.00000000
0.00000000
0.00000000
0.00000000
0.00000000
0.00000000
0.00000000
0.00000000
0.00000000
0.00000000
0.00000000
0.00000000
0.00000000
0.00000000
0.00000000
0.00000000
0.00000000
0.00000000
0.00000000
0.00000000
0.00000000
0.00000000
0.00000000
0.00000000
0.00000000
0.59960938
0.00000000
0.45068359
0.00000000
0.80712891
0.00000000
0.18798828
0.00000000
0.00000000
0.00000000
0.00000000
0.00000000
0.00000000
0.00000000
0.00000000
0.00000000
0.00000000
0.00000000
0.00000000
0.00000000
0.00000000
0.00000000
0.00000000
0.00000000
0.00000000
0.00000000
0.00000000
0.00000000
0.00000000
0.00000000
0.00000000
0.00000000
0.25903320
0.00000000
0.60449219
0.00000000
0.52392578
0.00000000
0.07385254
0.00000000
0.00000000
0.00000000
0.00000000
0.00000000
0.00000000
0.00000000
0.00000000
0.00000000
0.00000000
0.00000000
0.00000000
0.00000000
0.00000000
0.00000000
0.00000000
0.00000000
0.00000000
0.00000000
0.00000000
0.00000000
0.00000000
0.00000000
0.00000000
0.00000000
0.75000000
0.00000000
0.16577148
0.00000000
0.56201172
0.00000000
0.58203125
0.00000000
0.00000000
0.00000000
0.00000000
0.00000000
0.00000000
0.00000000
0.00000000
0.00000000
0.00000000
0.00000000
0.00000000
0.00000000
0.00000000
0.00000000
0.00000000
0.00000000
0.00000000
0.00000000
0.00000000
0.00000000
0.00000000
0.00000000
0.00000000
0.00000000
0.30493164
0.00000000
0.78222656
0.00000000
0.10766602
0.00000000
0.31738281
0.00000000
0.00000000
0.00000000
0.00000000
0.00000000
0.00000000
0.00000000
0.00000000
0.00000000
0.00000000
0.00000000
0.00000000
0.00000000
0.00000000
0.00000000
0.00000000
0.00000000
0.00000000
0.00000000
0.00000000
0.00000000
0.00000000
0.00000000
0.00000000
0.00000000
0.59326172
0.00000000
0.48217773
0.00000000
0.16418457
0.00000000
0.77539062
0.00000000
0.00000000
0.00000000
0.00000000
0.00000000
0.00000000
0.00000000
0.00000000
0.00000000
0.00000000
0.00000000
0.00000000
0.00000000
0.00000000
0.00000000
0.00000000
0.00000000
0.00000000
0.00000000
0.00000000
0.00000000
0.00000000
0.00000000
0.00000000
0.00000000
0.23718262
0.00000000
0.54003906
0.00000000
0.51220703
0.00000000
0.22912598
0.00000000
0.00000000
0.00000000
0.00000000
0.00000000
0.00000000
0.00000000
0.00000000
0.00000000
0.00000000
0.00000000
0.00000000
0.00000000
0.00000000
0.00000000
0.00000000
0.00000000
0.00000000
0.00000000
0.00000000
0.00000000
0.00000000
0.00000000
0.00000000
0.00000000
0.75878906
0.00000000
0.17150879
0.00000000
0.24572754
0.00000000
0.58642578
0.00000000
0.00000000
0.00000000
0.00000000
0.00000000
0.00000000
0.00000000
0.00000000
0.00000000
0.00000000
0.00000000
0.00000000
0.00000000
0.00000000
0.00000000
0.00000000
0.00000000
0.00000000
0.00000000
0.00000000
0.00000000
0.00000000
0.00000000
0.00000000
0.00000000
0.46801758
0.00000000
0.22802734
0.00000000
0.82666016
0.00000000
0.09552002
0.00000000
0.00000000
0.00000000
0.00000000
0.00000000
0.00000000
0.00000000
0.00000000
0.00000000
0.00000000
0.00000000
0.00000000
0.00000000
0.00000000
0.00000000
0.00000000
0.00000000
0.00000000
0.00000000
0.00000000
0.00000000
0.00000000
0.00000000
0.00000000
0.00000000
0.51123047
0.00000000
0.54980469
0.00000000
0.36645508
0.00000000
0.76464844
0.00000000
0.00000000
0.00000000
0.00000000
0.00000000
0.00000000
0.00000000
0.00000000
0.00000000
0.00000000
0.00000000
0.00000000
0.00000000
0.00000000
0.00000000
0.00000000
0.00000000
0.00000000
0.00000000
0.00000000
0.00000000
0.00000000
0.00000000
0.00000000
0.00000000
0.17626953
0.00000000
0.31958008
0.00000000
0.54003906
0.00000000
0.45214844
0.00000000
0.00000000
0.00000000
0.00000000
0.00000000
0.00000000
0.00000000
0.00000000
0.00000000
0.00000000
0.00000000
0.00000000
0.00000000
0.00000000
0.00000000
0.00000000
0.00000000
0.00000000
0.00000000
0.00000000
0.00000000
0.00000000
0.00000000
0.00000000
0.00000000
0.26147461
0.00000000
0.89453125
0.00000000
0.24670410
0.00000000
0.49340820
0.00000000
0.00000000
0.00000000
0.00000000
0.00000000
0.00000000
0.00000000
0.00000000
0.00000000
0.00000000
0.00000000
0.00000000
0.00000000
0.00000000
0.00000000
0.00000000
0.00000000
0.00000000
0.00000000
0.00000000
0.00000000
0.00000000
0.00000000
0.00000000
0.00000000
0.58203125
0.00000000
0.34326172
0.00000000
0.78125000
0.00000000
0.28784180
0.00000000
0.00000000
0.00000000
0.00000000
0.00000000
0.00000000
0.00000000
0.00000000
0.00000000
0.00000000
0.00000000
0.00000000
0.00000000
0.00000000
0.00000000
0.00000000
0.00000000
0.00000000
0.00000000
0.00000000
0.00000000
0.00000000
0.00000000
0.00000000
0.00000000
0.32470703
0.00000000
0.54980469
0.00000000
0.44750977
0.00000000
0.31201172
0.00000000
0.00000000
0.00000000
0.00000000
0.00000000
0.00000000
0.00000000
0.00000000
0.00000000
0.00000000
0.00000000
0.00000000
0.00000000
0.00000000
0.00000000
0.00000000
0.00000000
0.00000000
0.00000000
0.00000000
0.00000000
0.00000000
0.00000000
0.00000000
0.00000000
0.90527344
0.00000000
0.36889648
0.00000000
0.47875977
0.00000000
0.55761719
0.00000000
0.00000000
0.00000000
0.00000000
0.00000000
0.00000000
0.00000000
0.00000000
0.00000000
0.00000000
0.00000000
0.00000000
0.00000000
0.00000000
0.00000000
0.00000000
0.00000000
0.00000000
0.00000000
0.00000000
0.00000000
0.00000000
0.00000000
0.00000000
0.00000000
